x y z c
0.4	1.0	0.8	3.0
0.38	1.0	0.8	3.0
0.38	1.0	0.8200000000000001	3.0
0.4	1.0	0.78	3.0
0.38	1.0	0.8	3.0
0.4	1.0	0.8	3.0
0.4	1.0	0.8	3.0
0.38	1.0	0.8200000000000001	3.0
0.4	1.0	0.8200000000000001	3.0
0.42	1.0	0.8	3.0
0.4	1.0	0.8	3.0
0.4	1.0	0.8200000000000001	3.0
0.42	1.0	0.8	3.0
0.4	1.0	0.8200000000000001	3.0
0.42	1.0	0.8200000000000001	3.0
0.44	1.0	0.8	3.0
0.42	1.0	0.8	3.0
0.42	1.0	0.8200000000000001	3.0
0.42	1.0	0.78	3.0
0.4	1.0	0.8	3.0
0.42	1.0	0.8	3.0
0.44	1.0	0.78	3.0
0.42	1.0	0.78	3.0
0.42	1.0	0.8	3.0
0.44	1.0	0.78	3.0
0.42	1.0	0.8	3.0
0.44	1.0	0.8	3.0
0.44	1.0	0.8	3.0
0.42	1.0	0.8200000000000001	3.0
0.44	1.0	0.8200000000000001	3.0
0.44	1.0	0.8200000000000001	3.0
0.42	1.0	0.8200000000000001	3.0
0.42	1.0	0.84	3.0
0.44	1.0	0.8200000000000001	3.0
0.42	1.0	0.84	3.0
0.44	1.0	0.84	3.0
0.44	1.0	0.84	3.0
0.42	1.0	0.84	3.0
0.42	1.0	0.86	3.0
0.42	1.0	0.8200000000000001	3.0
0.4	1.0	0.84	3.0
0.42	1.0	0.84	3.0
0.42	1.0	0.84	3.0
0.4	1.0	0.84	3.0
0.4	1.0	0.86	3.0
0.42	1.0	0.8200000000000001	3.0
0.4	1.0	0.8200000000000001	3.0
0.4	1.0	0.84	3.0
0.4	1.0	0.8200000000000001	3.0
0.38	1.0	0.8200000000000001	3.0
0.38	1.0	0.84	3.0
0.4	1.0	0.8200000000000001	3.0
0.38	1.0	0.84	3.0
0.4	1.0	0.84	3.0
0.4	1.0	0.84	3.0
0.38	1.0	0.86	3.0
0.4	1.0	0.86	3.0
0.42	1.0	0.84	3.0
0.4	1.0	0.86	3.0
0.42	1.0	0.86	3.0
0.44	1.0	0.84	3.0
0.42	1.0	0.86	3.0
0.44	1.0	0.86	3.0
0.46	1.0	0.84	3.0
0.44	1.0	0.84	3.0
0.44	1.0	0.86	3.0
0.46	1.0	0.84	3.0
0.44	1.0	0.86	3.0
0.46	1.0	0.86	3.0
0.48	1.0	0.84	3.0
0.46	1.0	0.84	3.0
0.46	1.0	0.86	3.0
0.5	1.0	0.84	3.0
0.48	1.0	0.86	3.0
0.5	1.0	0.86	3.0
0.5	1.0	0.84	3.0
0.48	1.0	0.84	3.0
0.48	1.0	0.86	3.0
0.48	1.0	0.84	3.0
0.46	1.0	0.86	3.0
0.48	1.0	0.86	3.0
0.48	1.0	0.8200000000000001	3.0
0.46	1.0	0.84	3.0
0.48	1.0	0.84	3.0
0.48	1.0	0.8200000000000001	3.0
0.46	1.0	0.8200000000000001	3.0
0.46	1.0	0.84	3.0
0.5	1.0	0.8200000000000001	3.0
0.48	1.0	0.8200000000000001	3.0
0.48	1.0	0.84	3.0
0.5	1.0	0.8200000000000001	3.0
0.48	1.0	0.84	3.0
0.5	1.0	0.84	3.0
0.5	1.0	0.8	3.0
0.48	1.0	0.8200000000000001	3.0
0.5	1.0	0.8200000000000001	3.0
0.48	1.0	0.8	3.0
0.46	1.0	0.8200000000000001	3.0
0.48	1.0	0.8200000000000001	3.0
0.46	1.0	0.8200000000000001	3.0
0.44	1.0	0.84	3.0
0.46	1.0	0.84	3.0
0.46	1.0	0.8200000000000001	3.0
0.44	1.0	0.8200000000000001	3.0
0.44	1.0	0.84	3.0
0.46	1.0	0.8	3.0
0.44	1.0	0.8200000000000001	3.0
0.46	1.0	0.8200000000000001	3.0
0.46	1.0	0.8	3.0
0.44	1.0	0.8	3.0
0.44	1.0	0.8200000000000001	3.0
0.46	1.0	0.78	3.0
0.44	1.0	0.8	3.0
0.46	1.0	0.8	3.0
0.46	1.0	0.78	3.0
0.44	1.0	0.78	3.0
0.44	1.0	0.8	3.0
0.48	1.0	0.78	3.0
0.46	1.0	0.78	3.0
0.46	1.0	0.8	3.0
0.48	1.0	0.8	3.0
0.46	1.0	0.8	3.0
0.46	1.0	0.8200000000000001	3.0
0.48	1.0	0.78	3.0
0.46	1.0	0.8	3.0
0.48	1.0	0.8	3.0
0.5	1.0	0.8	3.0
0.48	1.0	0.8	3.0
0.48	1.0	0.8200000000000001	3.0
0.5	1.0	0.78	3.0
0.48	1.0	0.8	3.0
0.5	1.0	0.8	3.0
0.5	1.0	0.78	3.0
0.48	1.0	0.78	3.0
0.48	1.0	0.8	3.0
0.48	1.0	0.76	3.0
0.46	1.0	0.78	3.0
0.48	1.0	0.78	3.0
0.5	1.0	0.76	3.0
0.48	1.0	0.76	3.0
0.48	1.0	0.78	3.0
0.5	1.0	0.76	3.0
0.48	1.0	0.78	3.0
0.5	1.0	0.78	3.0
0.46	1.0	0.76	3.0
0.44	1.0	0.78	3.0
0.46	1.0	0.78	3.0
0.5	1.0	0.7000000000000001	3.0
0.48	1.0	0.7000000000000001	3.0
0.48	1.0	0.72	3.0
0.5	1.0	0.68	3.0
0.48	1.0	0.7000000000000001	3.0
0.5	1.0	0.7000000000000001	3.0
0.5	1.0	0.68	3.0
0.48	1.0	0.68	3.0
0.48	1.0	0.7000000000000001	3.0
0.48	1.0	0.68	3.0
0.46	1.0	0.7000000000000001	3.0
0.48	1.0	0.7000000000000001	3.0
0.48	1.0	0.7000000000000001	3.0
0.46	1.0	0.7000000000000001	3.0
0.46	1.0	0.72	3.0
0.48	1.0	0.68	3.0
0.46	1.0	0.68	3.0
0.46	1.0	0.7000000000000001	3.0
0.46	1.0	0.68	3.0
0.44	1.0	0.7000000000000001	3.0
0.46	1.0	0.7000000000000001	3.0
0.46	1.0	0.68	3.0
0.44	1.0	0.68	3.0
0.44	1.0	0.7000000000000001	3.0
0.44	1.0	0.68	3.0
0.42	1.0	0.7000000000000001	3.0
0.44	1.0	0.7000000000000001	3.0
0.46	1.0	0.7000000000000001	3.0
0.44	1.0	0.7000000000000001	3.0
0.44	1.0	0.72	3.0
0.46	1.0	0.66	3.0
0.44	1.0	0.68	3.0
0.46	1.0	0.68	3.0
0.46	1.0	0.66	3.0
0.44	1.0	0.66	3.0
0.44	1.0	0.68	3.0
0.44	1.0	0.66	3.0
0.42	1.0	0.68	3.0
0.44	1.0	0.68	3.0
0.46	1.0	0.64	3.0
0.44	1.0	0.66	3.0
0.46	1.0	0.66	3.0
0.48	1.0	0.66	3.0
0.46	1.0	0.66	3.0
0.46	1.0	0.68	3.0
0.48	1.0	0.66	3.0
0.46	1.0	0.68	3.0
0.48	1.0	0.68	3.0
0.5	1.0	0.66	3.0
0.48	1.0	0.68	3.0
0.5	1.0	0.68	3.0
0.5	1.0	0.66	3.0
0.48	1.0	0.66	3.0
0.48	1.0	0.68	3.0
0.5	1.0	0.64	3.0
0.48	1.0	0.66	3.0
0.5	1.0	0.66	3.0
0.48	1.0	0.64	3.0
0.46	1.0	0.66	3.0
0.48	1.0	0.66	3.0
0.48	1.0	0.64	3.0
0.46	1.0	0.64	3.0
0.46	1.0	0.66	3.0
0.5	1.0	0.64	3.0
0.48	1.0	0.64	3.0
0.48	1.0	0.66	3.0
0.5	1.0	0.62	3.0
0.48	1.0	0.64	3.0
0.5	1.0	0.64	3.0
0.5	1.0	0.62	3.0
0.48	1.0	0.62	3.0
0.48	1.0	0.64	3.0
0.48	1.0	0.62	3.0
0.46	1.0	0.64	3.0
0.48	1.0	0.64	3.0
0.46	1.0	0.64	3.0
0.44	1.0	0.64	3.0
0.44	1.0	0.66	3.0
0.44	1.0	0.64	3.0
0.42	1.0	0.66	3.0
0.44	1.0	0.66	3.0
0.46	1.0	0.62	3.0
0.44	1.0	0.64	3.0
0.46	1.0	0.64	3.0
0.44	1.0	0.64	3.0
0.42	1.0	0.64	3.0
0.42	1.0	0.66	3.0
0.44	1.0	0.62	3.0
0.42	1.0	0.64	3.0
0.44	1.0	0.64	3.0
0.42	1.0	0.64	3.0
0.4	1.0	0.66	3.0
0.42	1.0	0.66	3.0
0.42	1.0	0.64	3.0
0.4	1.0	0.64	3.0
0.4	1.0	0.66	3.0
0.42	1.0	0.62	3.0
0.4	1.0	0.64	3.0
0.42	1.0	0.64	3.0
0.4	1.0	0.64	3.0
0.38	1.0	0.64	3.0
0.38	1.0	0.66	3.0
0.38	1.0	0.64	3.0
0.36	1.0	0.66	3.0
0.38	1.0	0.66	3.0
0.4	1.0	0.64	3.0
0.38	1.0	0.66	3.0
0.4	1.0	0.66	3.0
0.42	1.0	0.66	3.0
0.4	1.0	0.66	3.0
0.4	1.0	0.68	3.0
0.4	1.0	0.66	3.0
0.38	1.0	0.68	3.0
0.4	1.0	0.68	3.0
0.4	1.0	0.66	3.0
0.38	1.0	0.66	3.0
0.38	1.0	0.68	3.0
0.38	1.0	0.66	3.0
0.36	1.0	0.68	3.0
0.38	1.0	0.68	3.0
0.4	1.0	0.68	3.0
0.38	1.0	0.68	3.0
0.38	1.0	0.7000000000000001	3.0
0.42	1.0	0.68	3.0
0.4	1.0	0.68	3.0
0.4	1.0	0.7000000000000001	3.0
0.42	1.0	0.66	3.0
0.4	1.0	0.68	3.0
0.42	1.0	0.68	3.0
0.44	1.0	0.66	3.0
0.42	1.0	0.66	3.0
0.42	1.0	0.68	3.0
0.44	1.0	0.68	3.0
0.42	1.0	0.68	3.0
0.42	1.0	0.7000000000000001	3.0
0.44	1.0	0.7000000000000001	3.0
0.42	1.0	0.7000000000000001	3.0
0.42	1.0	0.72	3.0
0.42	1.0	0.7000000000000001	3.0
0.4	1.0	0.72	3.0
0.42	1.0	0.72	3.0
0.42	1.0	0.7000000000000001	3.0
0.4	1.0	0.7000000000000001	3.0
0.4	1.0	0.72	3.0
0.42	1.0	0.68	3.0
0.4	1.0	0.7000000000000001	3.0
0.42	1.0	0.7000000000000001	3.0
0.4	1.0	0.68	3.0
0.38	1.0	0.7000000000000001	3.0
0.4	1.0	0.7000000000000001	3.0
0.4	1.0	0.7000000000000001	3.0
0.38	1.0	0.7000000000000001	3.0
0.38	1.0	0.72	3.0
0.38	1.0	0.68	3.0
0.36	1.0	0.7000000000000001	3.0
0.38	1.0	0.7000000000000001	3.0
0.38	1.0	0.7000000000000001	3.0
0.36	1.0	0.72	3.0
0.38	1.0	0.72	3.0
0.4	1.0	0.7000000000000001	3.0
0.38	1.0	0.72	3.0
0.4	1.0	0.72	3.0
0.38	1.0	0.7000000000000001	3.0
0.36	1.0	0.7000000000000001	3.0
0.36	1.0	0.72	3.0
0.36	1.0	0.7000000000000001	3.0
0.34	1.0	0.72	3.0
0.36	1.0	0.72	3.0
0.38	1.0	0.68	3.0
0.36	1.0	0.68	3.0
0.36	1.0	0.7000000000000001	3.0
0.36	1.0	0.68	3.0
0.34	1.0	0.7000000000000001	3.0
0.36	1.0	0.7000000000000001	3.0
0.36	1.0	0.68	3.0
0.34	1.0	0.68	3.0
0.34	1.0	0.7000000000000001	3.0
0.36	1.0	0.66	3.0
0.34	1.0	0.68	3.0
0.36	1.0	0.68	3.0
0.38	1.0	0.66	3.0
0.36	1.0	0.66	3.0
0.36	1.0	0.68	3.0
0.36	1.0	0.66	3.0
0.34	1.0	0.66	3.0
0.34	1.0	0.68	3.0
0.36	1.0	0.64	3.0
0.34	1.0	0.66	3.0
0.36	1.0	0.66	3.0
0.36	1.0	0.64	3.0
0.34	1.0	0.64	3.0
0.34	1.0	0.66	3.0
0.38	1.0	0.64	3.0
0.36	1.0	0.64	3.0
0.36	1.0	0.66	3.0
1.0	0.9	0.74	2.0
1.0	0.92	0.72	2.0
1.0	0.92	0.74	2.0
1.0	0.9	0.74	2.0
1.0	0.9	0.72	2.0
1.0	0.92	0.72	2.0
1.0	0.9	0.72	2.0
1.0	0.92	0.7000000000000001	2.0
1.0	0.92	0.72	2.0
1.0	0.92	0.74	2.0
1.0	0.92	0.72	2.0
1.0	0.9400000000000001	0.72	2.0
1.0	0.92	0.72	2.0
1.0	0.9400000000000001	0.7000000000000001	2.0
1.0	0.9400000000000001	0.72	2.0
1.0	0.92	0.72	2.0
1.0	0.92	0.7000000000000001	2.0
1.0	0.9400000000000001	0.7000000000000001	2.0
1.0	0.9	0.72	2.0
1.0	0.9	0.7000000000000001	2.0
1.0	0.92	0.7000000000000001	2.0
1.0	0.9	0.7000000000000001	2.0
1.0	0.92	0.68	2.0
1.0	0.92	0.7000000000000001	2.0
1.0	0.9	0.7000000000000001	2.0
1.0	0.9	0.68	2.0
1.0	0.92	0.68	2.0
1.0	0.92	0.7000000000000001	2.0
1.0	0.92	0.68	2.0
1.0	0.9400000000000001	0.68	2.0
1.0	0.92	0.7000000000000001	2.0
1.0	0.9400000000000001	0.68	2.0
1.0	0.9400000000000001	0.7000000000000001	2.0
1.0	0.9	0.68	2.0
1.0	0.9	0.66	2.0
1.0	0.92	0.66	2.0
1.0	0.88	0.68	2.0
1.0	0.9	0.66	2.0
1.0	0.9	0.68	2.0
1.0	0.9	0.68	2.0
1.0	0.92	0.66	2.0
1.0	0.92	0.68	2.0
1.0	0.92	0.68	2.0
1.0	0.9400000000000001	0.66	2.0
1.0	0.9400000000000001	0.68	2.0
1.0	0.92	0.68	2.0
1.0	0.92	0.66	2.0
1.0	0.9400000000000001	0.66	2.0
0.9400000000000001	1.0	0.7000000000000001	3.0
0.92	1.0	0.7000000000000001	3.0
0.92	1.0	0.72	3.0
0.92	1.0	0.7000000000000001	3.0
0.9	1.0	0.72	3.0
0.92	1.0	0.72	3.0
0.92	1.0	0.7000000000000001	3.0
0.9	1.0	0.7000000000000001	3.0
0.9	1.0	0.72	3.0
0.92	1.0	0.68	3.0
0.9	1.0	0.7000000000000001	3.0
0.92	1.0	0.7000000000000001	3.0
0.92	1.0	0.68	3.0
0.9	1.0	0.68	3.0
0.9	1.0	0.7000000000000001	3.0
0.9400000000000001	1.0	0.68	3.0
0.92	1.0	0.68	3.0
0.92	1.0	0.7000000000000001	3.0
0.9400000000000001	1.0	0.68	3.0
0.92	1.0	0.7000000000000001	3.0
0.9400000000000001	1.0	0.7000000000000001	3.0
0.9400000000000001	1.0	0.7000000000000001	3.0
0.92	1.0	0.72	3.0
0.9400000000000001	1.0	0.72	3.0
0.9400000000000001	1.0	0.66	3.0
0.92	1.0	0.66	3.0
0.92	1.0	0.68	3.0
0.92	1.0	0.66	3.0
0.9	1.0	0.68	3.0
0.92	1.0	0.68	3.0
0.9400000000000001	1.0	0.66	3.0
0.92	1.0	0.68	3.0
0.9400000000000001	1.0	0.68	3.0
0.96	1.0	0.68	3.0
0.9400000000000001	1.0	0.68	3.0
0.9400000000000001	1.0	0.7000000000000001	3.0
0.96	1.0	0.66	3.0
0.9400000000000001	1.0	0.68	3.0
0.96	1.0	0.68	3.0
0.96	1.0	0.66	3.0
0.9400000000000001	1.0	0.66	3.0
0.9400000000000001	1.0	0.68	3.0
0.98	1.0	0.66	3.0
0.96	1.0	0.66	3.0
0.96	1.0	0.68	3.0
1.0	0.96	0.68	2.0
1.0	0.96	0.66	2.0
1.0	0.98	0.66	2.0
1.0	0.9400000000000001	0.68	2.0
1.0	0.96	0.66	2.0
1.0	0.96	0.68	2.0
1.0	0.9400000000000001	0.68	2.0
1.0	0.9400000000000001	0.66	2.0
1.0	0.96	0.66	2.0
1.0	0.9400000000000001	0.7000000000000001	2.0
1.0	0.9400000000000001	0.68	2.0
1.0	0.96	0.68	2.0
1.0	0.96	0.7000000000000001	2.0
1.0	0.96	0.68	2.0
1.0	0.98	0.68	2.0
1.0	0.96	0.68	2.0
1.0	0.98	0.66	2.0
1.0	0.98	0.68	2.0
1.0	0.98	0.68	2.0
1.0	0.98	0.66	2.0
1.0	1.0	0.66	2.0
0.98	1.0	0.68	3.0
0.96	1.0	0.68	3.0
0.96	1.0	0.7000000000000001	3.0
0.98	1.0	0.66	3.0
0.96	1.0	0.68	3.0
0.98	1.0	0.68	3.0
1.0	1.0	0.66	3.0
0.98	1.0	0.66	3.0
0.98	1.0	0.68	3.0
1.0	1.0	0.68	3.0
1.0	1.0	0.66	3.0
0.98	1.0	0.68	3.0
1.0	0.98	0.68	2.0
1.0	1.0	0.66	2.0
1.0	1.0	0.68	2.0
1.0	0.98	0.7000000000000001	2.0
1.0	0.98	0.68	2.0
1.0	1.0	0.68	2.0
1.0	1.0	0.68	3.0
0.98	1.0	0.68	3.0
0.98	1.0	0.7000000000000001	3.0
1.0	1.0	0.7000000000000001	0.0
1.0	1.0	0.68	0.0
0.98	1.0	0.7000000000000001	0.0
1.0	0.98	0.7000000000000001	0.0
1.0	1.0	0.68	0.0
1.0	1.0	0.7000000000000001	0.0
1.0	1.0	0.7000000000000001	3.0
0.98	1.0	0.7000000000000001	3.0
0.98	1.0	0.72	3.0
1.0	0.98	0.72	2.0
1.0	0.98	0.7000000000000001	2.0
1.0	1.0	0.7000000000000001	2.0
1.0	0.96	0.7000000000000001	2.0
1.0	0.98	0.68	2.0
1.0	0.98	0.7000000000000001	2.0
1.0	0.96	0.72	2.0
1.0	0.96	0.7000000000000001	2.0
1.0	0.98	0.7000000000000001	2.0
1.0	0.96	0.72	2.0
1.0	0.98	0.7000000000000001	2.0
1.0	0.98	0.72	2.0
1.0	1.0	0.72	0.0
1.0	1.0	0.7000000000000001	0.0
0.98	1.0	0.72	0.0
1.0	0.98	0.72	0.0
1.0	1.0	0.7000000000000001	0.0
1.0	1.0	0.72	0.0
0.98	1.0	0.7000000000000001	3.0
0.96	1.0	0.72	3.0
0.98	1.0	0.72	3.0
0.98	1.0	0.7000000000000001	3.0
0.96	1.0	0.7000000000000001	3.0
0.96	1.0	0.72	3.0
0.98	1.0	0.68	3.0
0.96	1.0	0.7000000000000001	3.0
0.98	1.0	0.7000000000000001	3.0
0.96	1.0	0.68	3.0
0.9400000000000001	1.0	0.7000000000000001	3.0
0.96	1.0	0.7000000000000001	3.0
0.96	1.0	0.7000000000000001	3.0
0.9400000000000001	1.0	0.72	3.0
0.96	1.0	0.72	3.0
0.96	1.0	0.7000000000000001	3.0
0.9400000000000001	1.0	0.7000000000000001	3.0
0.9400000000000001	1.0	0.72	3.0
1.0	0.9400000000000001	0.7000000000000001	2.0
1.0	0.96	0.68	2.0
1.0	0.96	0.7000000000000001	2.0
1.0	0.9400000000000001	0.72	2.0
1.0	0.9400000000000001	0.7000000000000001	2.0
1.0	0.96	0.7000000000000001	2.0
1.0	0.9400000000000001	0.72	2.0
1.0	0.96	0.7000000000000001	2.0
1.0	0.96	0.72	2.0
1.0	0.9400000000000001	0.74	2.0
1.0	0.9400000000000001	0.72	2.0
1.0	0.96	0.72	2.0
1.0	0.96	0.74	2.0
1.0	0.96	0.72	2.0
1.0	0.98	0.72	2.0
0.9400000000000001	1.0	0.62	3.0
0.92	1.0	0.62	3.0
0.92	1.0	0.64	3.0
0.9400000000000001	1.0	0.6	3.0
0.92	1.0	0.62	3.0
0.9400000000000001	1.0	0.62	3.0
1.0	0.9	0.64	2.0
1.0	0.9	0.62	2.0
1.0	0.92	0.62	2.0
1.0	0.9	0.62	2.0
1.0	0.92	0.6	2.0
1.0	0.92	0.62	2.0
1.0	0.92	0.64	2.0
1.0	0.92	0.62	2.0
1.0	0.9400000000000001	0.62	2.0
1.0	0.92	0.62	2.0
1.0	0.9400000000000001	0.6	2.0
1.0	0.9400000000000001	0.62	2.0
1.0	0.9400000000000001	0.64	2.0
1.0	0.9400000000000001	0.62	2.0
1.0	0.96	0.62	2.0
1.0	0.9400000000000001	0.62	2.0
1.0	0.96	0.6	2.0
1.0	0.96	0.62	2.0
0.96	1.0	0.62	3.0
0.9400000000000001	1.0	0.62	3.0
0.9400000000000001	1.0	0.64	3.0
0.96	1.0	0.6	3.0
0.9400000000000001	1.0	0.62	3.0
0.96	1.0	0.62	3.0
0.98	1.0	0.62	3.0
0.96	1.0	0.62	3.0
0.96	1.0	0.64	3.0
0.98	1.0	0.6	3.0
0.96	1.0	0.62	3.0
0.98	1.0	0.62	3.0
1.0	1.0	0.62	3.0
0.98	1.0	0.62	3.0
0.98	1.0	0.64	3.0
1.0	1.0	0.62	3.0
1.0	1.0	0.6	3.0
0.98	1.0	0.62	3.0
1.0	0.98	0.64	2.0
1.0	0.98	0.62	2.0
1.0	1.0	0.62	2.0
1.0	0.98	0.62	2.0
1.0	1.0	0.6	2.0
1.0	1.0	0.62	2.0
1.0	0.96	0.64	2.0
1.0	0.96	0.62	2.0
1.0	0.98	0.62	2.0
1.0	0.96	0.62	2.0
1.0	0.98	0.6	2.0
1.0	0.98	0.62	2.0
1.0	0.92	0.66	2.0
1.0	0.9400000000000001	0.64	2.0
1.0	0.9400000000000001	0.66	2.0
1.0	0.9	0.66	2.0
1.0	0.92	0.64	2.0
1.0	0.92	0.66	2.0
1.0	0.9	0.66	2.0
1.0	0.9	0.64	2.0
1.0	0.92	0.64	2.0
1.0	0.92	0.66	2.0
1.0	0.92	0.64	2.0
1.0	0.9400000000000001	0.64	2.0
1.0	0.92	0.64	2.0
1.0	0.9400000000000001	0.62	2.0
1.0	0.9400000000000001	0.64	2.0
1.0	0.9	0.64	2.0
1.0	0.92	0.62	2.0
1.0	0.92	0.64	2.0
1.0	0.88	0.64	2.0
1.0	0.9	0.62	2.0
1.0	0.9	0.64	2.0
1.0	0.88	0.66	2.0
1.0	0.9	0.64	2.0
1.0	0.9	0.66	2.0
0.92	1.0	0.62	3.0
0.9	1.0	0.64	3.0
0.92	1.0	0.64	3.0
0.9400000000000001	1.0	0.64	3.0
0.92	1.0	0.64	3.0
0.92	1.0	0.66	3.0
0.92	1.0	0.64	3.0
0.9	1.0	0.66	3.0
0.92	1.0	0.66	3.0
0.9400000000000001	1.0	0.64	3.0
0.92	1.0	0.66	3.0
0.9400000000000001	1.0	0.66	3.0
0.9400000000000001	1.0	0.62	3.0
0.92	1.0	0.64	3.0
0.9400000000000001	1.0	0.64	3.0
0.96	1.0	0.64	3.0
0.9400000000000001	1.0	0.66	3.0
0.96	1.0	0.66	3.0
0.96	1.0	0.62	3.0
0.9400000000000001	1.0	0.64	3.0
0.96	1.0	0.64	3.0
0.96	1.0	0.64	3.0
0.9400000000000001	1.0	0.64	3.0
0.9400000000000001	1.0	0.66	3.0
0.98	1.0	0.64	3.0
0.96	1.0	0.64	3.0
0.96	1.0	0.66	3.0
0.98	1.0	0.62	3.0
0.96	1.0	0.64	3.0
0.98	1.0	0.64	3.0
0.98	1.0	0.64	3.0
0.96	1.0	0.66	3.0
0.98	1.0	0.66	3.0
1.0	1.0	0.64	3.0
0.98	1.0	0.64	3.0
0.98	1.0	0.66	3.0
1.0	0.96	0.66	2.0
1.0	0.98	0.64	2.0
1.0	0.98	0.66	2.0
1.0	0.96	0.66	2.0
1.0	0.96	0.64	2.0
1.0	0.98	0.64	2.0
1.0	0.98	0.66	2.0
1.0	0.98	0.64	2.0
1.0	1.0	0.64	2.0
1.0	0.98	0.66	2.0
1.0	1.0	0.64	2.0
1.0	1.0	0.66	2.0
1.0	1.0	0.66	3.0
1.0	1.0	0.64	3.0
0.98	1.0	0.66	3.0
1.0	0.98	0.64	2.0
1.0	1.0	0.62	2.0
1.0	1.0	0.64	2.0
1.0	1.0	0.64	3.0
1.0	1.0	0.62	3.0
0.98	1.0	0.64	3.0
1.0	0.96	0.64	2.0
1.0	0.98	0.62	2.0
1.0	0.98	0.64	2.0
1.0	0.9400000000000001	0.64	2.0
1.0	0.96	0.62	2.0
1.0	0.96	0.64	2.0
1.0	0.9400000000000001	0.66	2.0
1.0	0.9400000000000001	0.64	2.0
1.0	0.96	0.64	2.0
1.0	0.9400000000000001	0.66	2.0
1.0	0.96	0.64	2.0
1.0	0.96	0.66	2.0
0.8200000000000001	1.0	0.64	3.0
0.8	1.0	0.66	3.0
0.8200000000000001	1.0	0.66	3.0
0.8200000000000001	1.0	0.64	3.0
0.8	1.0	0.64	3.0
0.8	1.0	0.66	3.0
0.8200000000000001	1.0	0.62	3.0
0.8	1.0	0.64	3.0
0.8200000000000001	1.0	0.64	3.0
0.8200000000000001	1.0	0.62	3.0
0.8	1.0	0.62	3.0
0.8	1.0	0.64	3.0
0.84	1.0	0.66	3.0
0.8200000000000001	1.0	0.66	3.0
0.8200000000000001	1.0	0.68	3.0
0.8200000000000001	1.0	0.66	3.0
0.8	1.0	0.68	3.0
0.8200000000000001	1.0	0.68	3.0
0.84	1.0	0.66	3.0
0.8200000000000001	1.0	0.68	3.0
0.84	1.0	0.68	3.0
0.84	1.0	0.64	3.0
0.8200000000000001	1.0	0.66	3.0
0.84	1.0	0.66	3.0
0.86	1.0	0.66	3.0
0.84	1.0	0.66	3.0
0.84	1.0	0.68	3.0
0.84	1.0	0.68	3.0
0.8200000000000001	1.0	0.68	3.0
0.8200000000000001	1.0	0.7000000000000001	3.0
0.84	1.0	0.62	3.0
0.8200000000000001	1.0	0.62	3.0
0.8200000000000001	1.0	0.64	3.0
0.84	1.0	0.64	3.0
0.8200000000000001	1.0	0.64	3.0
0.8200000000000001	1.0	0.66	3.0
0.86	1.0	0.64	3.0
0.84	1.0	0.64	3.0
0.84	1.0	0.66	3.0
0.84	1.0	0.62	3.0
0.8200000000000001	1.0	0.64	3.0
0.84	1.0	0.64	3.0
0.86	1.0	0.62	3.0
0.84	1.0	0.62	3.0
0.84	1.0	0.64	3.0
0.86	1.0	0.62	3.0
0.84	1.0	0.64	3.0
0.86	1.0	0.64	3.0
0.86	1.0	0.64	3.0
0.84	1.0	0.66	3.0
0.86	1.0	0.66	3.0
0.88	1.0	0.64	3.0
0.86	1.0	0.64	3.0
0.86	1.0	0.66	3.0
0.88	1.0	0.64	3.0
0.86	1.0	0.66	3.0
0.88	1.0	0.66	3.0
0.88	1.0	0.62	3.0
0.86	1.0	0.64	3.0
0.88	1.0	0.64	3.0
0.88	1.0	0.62	3.0
0.86	1.0	0.62	3.0
0.86	1.0	0.64	3.0
0.86	1.0	0.68	3.0
0.84	1.0	0.68	3.0
0.84	1.0	0.7000000000000001	3.0
0.86	1.0	0.66	3.0
0.84	1.0	0.68	3.0
0.86	1.0	0.68	3.0
0.88	1.0	0.66	3.0
0.86	1.0	0.66	3.0
0.86	1.0	0.68	3.0
0.88	1.0	0.66	3.0
0.86	1.0	0.68	3.0
0.88	1.0	0.68	3.0
0.88	1.0	0.68	3.0
0.86	1.0	0.68	3.0
0.86	1.0	0.7000000000000001	3.0
0.88	1.0	0.68	3.0
0.86	1.0	0.7000000000000001	3.0
0.88	1.0	0.7000000000000001	3.0
0.88	1.0	0.7000000000000001	3.0
0.86	1.0	0.7000000000000001	3.0
0.86	1.0	0.72	3.0
0.86	1.0	0.68	3.0
0.84	1.0	0.7000000000000001	3.0
0.86	1.0	0.7000000000000001	3.0
0.86	1.0	0.7000000000000001	3.0
0.84	1.0	0.7000000000000001	3.0
0.84	1.0	0.72	3.0
0.86	1.0	0.7000000000000001	3.0
0.84	1.0	0.72	3.0
0.86	1.0	0.72	3.0
0.88	1.0	0.7000000000000001	3.0
0.86	1.0	0.72	3.0
0.88	1.0	0.72	3.0
0.84	1.0	0.7000000000000001	3.0
0.8200000000000001	1.0	0.7000000000000001	3.0
0.8200000000000001	1.0	0.72	3.0
0.84	1.0	0.68	3.0
0.8200000000000001	1.0	0.7000000000000001	3.0
0.84	1.0	0.7000000000000001	3.0
0.84	1.0	0.7000000000000001	3.0
0.8200000000000001	1.0	0.72	3.0
0.84	1.0	0.72	3.0
0.8200000000000001	1.0	0.6	3.0
0.8	1.0	0.62	3.0
0.8200000000000001	1.0	0.62	3.0
0.8200000000000001	1.0	0.6	3.0
0.8	1.0	0.6	3.0
0.8	1.0	0.62	3.0
0.8	1.0	0.6	3.0
0.78	1.0	0.62	3.0
0.8	1.0	0.62	3.0
0.84	1.0	0.6	3.0
0.8200000000000001	1.0	0.6	3.0
0.8200000000000001	1.0	0.62	3.0
0.86	1.0	0.6	3.0
0.84	1.0	0.6	3.0
0.84	1.0	0.62	3.0
0.84	1.0	0.6	3.0
0.8200000000000001	1.0	0.62	3.0
0.84	1.0	0.62	3.0
0.86	1.0	0.6	3.0
0.84	1.0	0.62	3.0
0.86	1.0	0.62	3.0
0.88	1.0	0.6	3.0
0.86	1.0	0.6	3.0
0.86	1.0	0.62	3.0
0.88	1.0	0.6	3.0
0.86	1.0	0.62	3.0
0.88	1.0	0.62	3.0
0.88	1.0	0.58	3.0
0.86	1.0	0.6	3.0
0.88	1.0	0.6	3.0
0.86	1.0	0.58	3.0
0.84	1.0	0.6	3.0
0.86	1.0	0.6	3.0
0.9	1.0	0.6	3.0
0.88	1.0	0.6	3.0
0.88	1.0	0.62	3.0
0.9	1.0	0.58	3.0
0.88	1.0	0.6	3.0
0.9	1.0	0.6	3.0
0.9	1.0	0.6	3.0
0.88	1.0	0.62	3.0
0.9	1.0	0.62	3.0
0.9	1.0	0.62	3.0
0.88	1.0	0.62	3.0
0.88	1.0	0.64	3.0
0.92	1.0	0.6	3.0
0.9	1.0	0.6	3.0
0.9	1.0	0.62	3.0
0.92	1.0	0.62	3.0
0.9	1.0	0.62	3.0
0.9	1.0	0.64	3.0
0.92	1.0	0.6	3.0
0.9	1.0	0.62	3.0
0.92	1.0	0.62	3.0
0.9400000000000001	1.0	0.6	3.0
0.92	1.0	0.6	3.0
0.92	1.0	0.62	3.0
0.92	1.0	0.58	3.0
0.9	1.0	0.6	3.0
0.92	1.0	0.6	3.0
0.9	1.0	0.7000000000000001	3.0
0.88	1.0	0.7000000000000001	3.0
0.88	1.0	0.72	3.0
0.9	1.0	0.7000000000000001	3.0
0.88	1.0	0.72	3.0
0.9	1.0	0.72	3.0
0.9	1.0	0.68	3.0
0.88	1.0	0.7000000000000001	3.0
0.9	1.0	0.7000000000000001	3.0
0.9	1.0	0.68	3.0
0.88	1.0	0.68	3.0
0.88	1.0	0.7000000000000001	3.0
0.9	1.0	0.66	3.0
0.88	1.0	0.68	3.0
0.9	1.0	0.68	3.0
0.9	1.0	0.66	3.0
0.88	1.0	0.66	3.0
0.88	1.0	0.68	3.0
0.9	1.0	0.64	3.0
0.88	1.0	0.66	3.0
0.9	1.0	0.66	3.0
0.92	1.0	0.66	3.0
0.9	1.0	0.66	3.0
0.9	1.0	0.68	3.0
0.9	1.0	0.62	3.0
0.88	1.0	0.64	3.0
0.9	1.0	0.64	3.0
0.9	1.0	0.64	3.0
0.88	1.0	0.64	3.0
0.88	1.0	0.66	3.0
0.92	1.0	0.64	3.0
0.9	1.0	0.64	3.0
0.9	1.0	0.66	3.0
0.58	1.0	0.62	3.0
0.56	1.0	0.62	3.0
0.56	1.0	0.64	3.0
0.56	1.0	0.62	3.0
0.54	1.0	0.64	3.0
0.56	1.0	0.64	3.0
0.58	1.0	0.68	3.0
0.56	1.0	0.68	3.0
0.56	1.0	0.7000000000000001	3.0
0.58	1.0	0.66	3.0
0.56	1.0	0.68	3.0
0.58	1.0	0.68	3.0
0.58	1.0	0.66	3.0
0.56	1.0	0.66	3.0
0.56	1.0	0.68	3.0
0.58	1.0	0.64	3.0
0.56	1.0	0.66	3.0
0.58	1.0	0.66	3.0
0.6	1.0	0.66	3.0
0.58	1.0	0.66	3.0
0.58	1.0	0.68	3.0
0.6	1.0	0.64	3.0
0.58	1.0	0.66	3.0
0.6	1.0	0.66	3.0
0.6	1.0	0.66	3.0
0.58	1.0	0.68	3.0
0.6	1.0	0.68	3.0
0.6	1.0	0.68	3.0
0.58	1.0	0.68	3.0
0.58	1.0	0.7000000000000001	3.0
0.58	1.0	0.62	3.0
0.56	1.0	0.64	3.0
0.58	1.0	0.64	3.0
0.58	1.0	0.64	3.0
0.56	1.0	0.64	3.0
0.56	1.0	0.66	3.0
0.6	1.0	0.64	3.0
0.58	1.0	0.64	3.0
0.58	1.0	0.66	3.0
0.6	1.0	0.62	3.0
0.58	1.0	0.64	3.0
0.6	1.0	0.64	3.0
0.6	1.0	0.62	3.0
0.58	1.0	0.62	3.0
0.58	1.0	0.64	3.0
0.62	1.0	0.62	3.0
0.6	1.0	0.62	3.0
0.6	1.0	0.64	3.0
0.62	1.0	0.64	3.0
0.6	1.0	0.64	3.0
0.6	1.0	0.66	3.0
0.62	1.0	0.64	3.0
0.6	1.0	0.66	3.0
0.62	1.0	0.66	3.0
0.64	1.0	0.64	3.0
0.62	1.0	0.64	3.0
0.62	1.0	0.66	3.0
0.62	1.0	0.62	3.0
0.6	1.0	0.64	3.0
0.62	1.0	0.64	3.0
0.64	1.0	0.62	3.0
0.62	1.0	0.62	3.0
0.62	1.0	0.64	3.0
0.62	1.0	0.66	3.0
0.6	1.0	0.66	3.0
0.6	1.0	0.68	3.0
0.62	1.0	0.66	3.0
0.6	1.0	0.68	3.0
0.62	1.0	0.68	3.0
0.64	1.0	0.66	3.0
0.62	1.0	0.66	3.0
0.62	1.0	0.68	3.0
0.62	1.0	0.68	3.0
0.6	1.0	0.68	3.0
0.6	1.0	0.7000000000000001	3.0
0.64	1.0	0.68	3.0
0.62	1.0	0.68	3.0
0.62	1.0	0.7000000000000001	3.0
0.62	1.0	0.68	3.0
0.6	1.0	0.7000000000000001	3.0
0.62	1.0	0.7000000000000001	3.0
0.62	1.0	0.7000000000000001	3.0
0.6	1.0	0.7000000000000001	3.0
0.6	1.0	0.72	3.0
0.6	1.0	0.68	3.0
0.58	1.0	0.7000000000000001	3.0
0.6	1.0	0.7000000000000001	3.0
0.6	1.0	0.7000000000000001	3.0
0.58	1.0	0.72	3.0
0.6	1.0	0.72	3.0
0.62	1.0	0.7000000000000001	3.0
0.6	1.0	0.72	3.0
0.62	1.0	0.72	3.0
0.64	1.0	0.7000000000000001	3.0
0.62	1.0	0.7000000000000001	3.0
0.62	1.0	0.72	3.0
0.64	1.0	0.72	3.0
0.62	1.0	0.72	3.0
0.62	1.0	0.74	3.0
0.62	1.0	0.72	3.0
0.6	1.0	0.74	3.0
0.62	1.0	0.74	3.0
0.62	1.0	0.72	3.0
0.6	1.0	0.72	3.0
0.6	1.0	0.74	3.0
0.62	1.0	0.74	3.0
0.6	1.0	0.74	3.0
0.6	1.0	0.76	3.0
0.6	1.0	0.72	3.0
0.58	1.0	0.74	3.0
0.6	1.0	0.74	3.0
0.6	1.0	0.72	3.0
0.58	1.0	0.72	3.0
0.58	1.0	0.74	3.0
0.58	1.0	0.72	3.0
0.56	1.0	0.74	3.0
0.58	1.0	0.74	3.0
0.6	1.0	0.74	3.0
0.58	1.0	0.74	3.0
0.58	1.0	0.76	3.0
0.58	1.0	0.68	3.0
0.56	1.0	0.7000000000000001	3.0
0.58	1.0	0.7000000000000001	3.0
0.6	1.0	0.7000000000000001	3.0
0.58	1.0	0.7000000000000001	3.0
0.58	1.0	0.72	3.0
0.58	1.0	0.7000000000000001	3.0
0.56	1.0	0.72	3.0
0.58	1.0	0.72	3.0
0.66	1.0	0.72	3.0
0.64	1.0	0.72	3.0
0.64	1.0	0.74	3.0
0.66	1.0	0.7000000000000001	3.0
0.64	1.0	0.72	3.0
0.66	1.0	0.72	3.0
0.66	1.0	0.72	3.0
0.64	1.0	0.74	3.0
0.66	1.0	0.74	3.0
0.64	1.0	0.72	3.0
0.62	1.0	0.74	3.0
0.64	1.0	0.74	3.0
0.64	1.0	0.7000000000000001	3.0
0.62	1.0	0.72	3.0
0.64	1.0	0.72	3.0
0.66	1.0	0.7000000000000001	3.0
0.64	1.0	0.7000000000000001	3.0
0.64	1.0	0.72	3.0
0.66	1.0	0.68	3.0
0.64	1.0	0.7000000000000001	3.0
0.66	1.0	0.7000000000000001	3.0
0.66	1.0	0.68	3.0
0.64	1.0	0.68	3.0
0.64	1.0	0.7000000000000001	3.0
0.64	1.0	0.68	3.0
0.62	1.0	0.7000000000000001	3.0
0.64	1.0	0.7000000000000001	3.0
0.64	1.0	0.66	3.0
0.62	1.0	0.68	3.0
0.64	1.0	0.68	3.0
0.64	1.0	0.64	3.0
0.62	1.0	0.66	3.0
0.64	1.0	0.66	3.0
0.66	1.0	0.66	3.0
0.64	1.0	0.66	3.0
0.64	1.0	0.68	3.0
0.66	1.0	0.62	3.0
0.64	1.0	0.62	3.0
0.64	1.0	0.64	3.0
0.64	1.0	0.62	3.0
0.62	1.0	0.64	3.0
0.64	1.0	0.64	3.0
0.66	1.0	0.64	3.0
0.64	1.0	0.64	3.0
0.64	1.0	0.66	3.0
0.52	1.0	0.74	3.0
0.5	1.0	0.74	3.0
0.5	1.0	0.76	3.0
0.5	1.0	0.74	3.0
0.48	1.0	0.76	3.0
0.5	1.0	0.76	3.0
0.52	1.0	0.72	3.0
0.5	1.0	0.72	3.0
0.5	1.0	0.74	3.0
0.5	1.0	0.72	3.0
0.48	1.0	0.74	3.0
0.5	1.0	0.74	3.0
0.52	1.0	0.7000000000000001	3.0
0.5	1.0	0.7000000000000001	3.0
0.5	1.0	0.72	3.0
0.5	1.0	0.7000000000000001	3.0
0.48	1.0	0.72	3.0
0.5	1.0	0.72	3.0
0.52	1.0	0.68	3.0
0.5	1.0	0.68	3.0
0.5	1.0	0.7000000000000001	3.0
0.52	1.0	0.66	3.0
0.5	1.0	0.66	3.0
0.5	1.0	0.68	3.0
0.52	1.0	0.64	3.0
0.5	1.0	0.64	3.0
0.5	1.0	0.66	3.0
0.52	1.0	0.62	3.0
0.5	1.0	0.62	3.0
0.5	1.0	0.64	3.0
0.54	1.0	0.76	3.0
0.52	1.0	0.76	3.0
0.52	1.0	0.78	3.0
0.54	1.0	0.74	3.0
0.52	1.0	0.76	3.0
0.54	1.0	0.76	3.0
0.52	1.0	0.76	3.0
0.5	1.0	0.76	3.0
0.5	1.0	0.78	3.0
0.52	1.0	0.74	3.0
0.5	1.0	0.76	3.0
0.52	1.0	0.76	3.0
0.52	1.0	0.72	3.0
0.5	1.0	0.74	3.0
0.52	1.0	0.74	3.0
0.52	1.0	0.7000000000000001	3.0
0.5	1.0	0.72	3.0
0.52	1.0	0.72	3.0
0.54	1.0	0.72	3.0
0.52	1.0	0.72	3.0
0.52	1.0	0.74	3.0
0.54	1.0	0.72	3.0
0.52	1.0	0.74	3.0
0.54	1.0	0.74	3.0
0.54	1.0	0.7000000000000001	3.0
0.52	1.0	0.72	3.0
0.54	1.0	0.72	3.0
0.54	1.0	0.74	3.0
0.52	1.0	0.74	3.0
0.52	1.0	0.76	3.0
0.56	1.0	0.74	3.0
0.54	1.0	0.74	3.0
0.54	1.0	0.76	3.0
0.56	1.0	0.72	3.0
0.54	1.0	0.72	3.0
0.54	1.0	0.74	3.0
0.56	1.0	0.72	3.0
0.54	1.0	0.74	3.0
0.56	1.0	0.74	3.0
0.56	1.0	0.7000000000000001	3.0
0.54	1.0	0.72	3.0
0.56	1.0	0.72	3.0
0.58	1.0	0.72	3.0
0.56	1.0	0.72	3.0
0.56	1.0	0.74	3.0
0.58	1.0	0.74	3.0
0.56	1.0	0.74	3.0
0.56	1.0	0.76	3.0
0.56	1.0	0.74	3.0
0.54	1.0	0.76	3.0
0.56	1.0	0.76	3.0
0.56	1.0	0.7000000000000001	3.0
0.54	1.0	0.7000000000000001	3.0
0.54	1.0	0.72	3.0
0.56	1.0	0.68	3.0
0.54	1.0	0.7000000000000001	3.0
0.56	1.0	0.7000000000000001	3.0
0.56	1.0	0.68	3.0
0.54	1.0	0.68	3.0
0.54	1.0	0.7000000000000001	3.0
0.58	1.0	0.7000000000000001	3.0
0.56	1.0	0.7000000000000001	3.0
0.56	1.0	0.72	3.0
0.54	1.0	0.68	3.0
0.52	1.0	0.7000000000000001	3.0
0.54	1.0	0.7000000000000001	3.0
0.54	1.0	0.68	3.0
0.52	1.0	0.68	3.0
0.52	1.0	0.7000000000000001	3.0
0.54	1.0	0.7000000000000001	3.0
0.52	1.0	0.7000000000000001	3.0
0.52	1.0	0.72	3.0
0.52	1.0	0.68	3.0
0.5	1.0	0.7000000000000001	3.0
0.52	1.0	0.7000000000000001	3.0
0.52	1.0	0.66	3.0
0.5	1.0	0.68	3.0
0.52	1.0	0.68	3.0
0.52	1.0	0.64	3.0
0.5	1.0	0.66	3.0
0.52	1.0	0.66	3.0
0.54	1.0	0.66	3.0
0.52	1.0	0.66	3.0
0.52	1.0	0.68	3.0
0.54	1.0	0.64	3.0
0.52	1.0	0.66	3.0
0.54	1.0	0.66	3.0
0.54	1.0	0.66	3.0
0.52	1.0	0.68	3.0
0.54	1.0	0.68	3.0
0.52	1.0	0.62	3.0
0.5	1.0	0.64	3.0
0.52	1.0	0.64	3.0
0.54	1.0	0.64	3.0
0.52	1.0	0.64	3.0
0.52	1.0	0.66	3.0
0.54	1.0	0.62	3.0
0.52	1.0	0.64	3.0
0.54	1.0	0.64	3.0
0.54	1.0	0.62	3.0
0.52	1.0	0.62	3.0
0.52	1.0	0.64	3.0
0.56	1.0	0.62	3.0
0.54	1.0	0.62	3.0
0.54	1.0	0.64	3.0
0.56	1.0	0.64	3.0
0.54	1.0	0.64	3.0
0.54	1.0	0.66	3.0
0.56	1.0	0.64	3.0
0.54	1.0	0.66	3.0
0.56	1.0	0.66	3.0
0.56	1.0	0.66	3.0
0.54	1.0	0.66	3.0
0.54	1.0	0.68	3.0
0.56	1.0	0.66	3.0
0.54	1.0	0.68	3.0
0.56	1.0	0.68	3.0
0.58	1.0	0.74	3.0
0.56	1.0	0.76	3.0
0.58	1.0	0.76	3.0
0.68	1.0	0.62	3.0
0.66	1.0	0.62	3.0
0.66	1.0	0.64	3.0
0.68	1.0	0.6	3.0
0.66	1.0	0.62	3.0
0.68	1.0	0.62	3.0
0.7000000000000001	1.0	0.62	3.0
0.68	1.0	0.62	3.0
0.68	1.0	0.64	3.0
0.7000000000000001	1.0	0.6	3.0
0.68	1.0	0.62	3.0
0.7000000000000001	1.0	0.62	3.0
0.72	1.0	0.6	3.0
0.7000000000000001	1.0	0.62	3.0
0.72	1.0	0.62	3.0
0.72	1.0	0.6	3.0
0.7000000000000001	1.0	0.6	3.0
0.7000000000000001	1.0	0.62	3.0
0.72	1.0	0.62	3.0
0.7000000000000001	1.0	0.62	3.0
0.7000000000000001	1.0	0.64	3.0
0.68	1.0	0.7000000000000001	3.0
0.66	1.0	0.72	3.0
0.68	1.0	0.72	3.0
0.68	1.0	0.7000000000000001	3.0
0.66	1.0	0.7000000000000001	3.0
0.66	1.0	0.72	3.0
0.68	1.0	0.68	3.0
0.66	1.0	0.68	3.0
0.66	1.0	0.7000000000000001	3.0
0.68	1.0	0.68	3.0
0.66	1.0	0.7000000000000001	3.0
0.68	1.0	0.7000000000000001	3.0
0.7000000000000001	1.0	0.68	3.0
0.68	1.0	0.68	3.0
0.68	1.0	0.7000000000000001	3.0
0.7000000000000001	1.0	0.7000000000000001	3.0
0.68	1.0	0.7000000000000001	3.0
0.68	1.0	0.72	3.0
0.68	1.0	0.72	3.0
0.66	1.0	0.72	3.0
0.66	1.0	0.74	3.0
0.66	1.0	0.64	3.0
0.64	1.0	0.66	3.0
0.66	1.0	0.66	3.0
0.66	1.0	0.66	3.0
0.64	1.0	0.68	3.0
0.66	1.0	0.68	3.0
0.66	1.0	0.62	3.0
0.64	1.0	0.64	3.0
0.66	1.0	0.64	3.0
0.68	1.0	0.62	3.0
0.66	1.0	0.64	3.0
0.68	1.0	0.64	3.0
0.68	1.0	0.64	3.0
0.66	1.0	0.64	3.0
0.66	1.0	0.66	3.0
0.68	1.0	0.64	3.0
0.66	1.0	0.66	3.0
0.68	1.0	0.66	3.0
0.7000000000000001	1.0	0.64	3.0
0.68	1.0	0.64	3.0
0.68	1.0	0.66	3.0
0.68	1.0	0.66	3.0
0.66	1.0	0.68	3.0
0.68	1.0	0.68	3.0
0.68	1.0	0.66	3.0
0.66	1.0	0.66	3.0
0.66	1.0	0.68	3.0
0.7000000000000001	1.0	0.66	3.0
0.68	1.0	0.66	3.0
0.68	1.0	0.68	3.0
0.7000000000000001	1.0	0.66	3.0
0.68	1.0	0.68	3.0
0.7000000000000001	1.0	0.68	3.0
0.7000000000000001	1.0	0.64	3.0
0.68	1.0	0.66	3.0
0.7000000000000001	1.0	0.66	3.0
0.72	1.0	0.66	3.0
0.7000000000000001	1.0	0.66	3.0
0.7000000000000001	1.0	0.68	3.0
0.72	1.0	0.66	3.0
0.7000000000000001	1.0	0.68	3.0
0.72	1.0	0.68	3.0
0.72	1.0	0.64	3.0
0.7000000000000001	1.0	0.66	3.0
0.72	1.0	0.66	3.0
0.72	1.0	0.68	3.0
0.7000000000000001	1.0	0.68	3.0
0.7000000000000001	1.0	0.7000000000000001	3.0
0.7000000000000001	1.0	0.62	3.0
0.68	1.0	0.64	3.0
0.7000000000000001	1.0	0.64	3.0
0.72	1.0	0.64	3.0
0.7000000000000001	1.0	0.64	3.0
0.7000000000000001	1.0	0.66	3.0
0.72	1.0	0.62	3.0
0.7000000000000001	1.0	0.64	3.0
0.72	1.0	0.64	3.0
0.74	1.0	0.62	3.0
0.72	1.0	0.62	3.0
0.72	1.0	0.64	3.0
0.74	1.0	0.64	3.0
0.72	1.0	0.64	3.0
0.72	1.0	0.66	3.0
0.74	1.0	0.68	3.0
0.72	1.0	0.68	3.0
0.72	1.0	0.7000000000000001	3.0
0.74	1.0	0.66	3.0
0.72	1.0	0.68	3.0
0.74	1.0	0.68	3.0
0.74	1.0	0.66	3.0
0.72	1.0	0.66	3.0
0.72	1.0	0.68	3.0
0.76	1.0	0.7000000000000001	3.0
0.74	1.0	0.7000000000000001	3.0
0.74	1.0	0.72	3.0
0.74	1.0	0.7000000000000001	3.0
0.72	1.0	0.72	3.0
0.74	1.0	0.72	3.0
0.74	1.0	0.7000000000000001	3.0
0.72	1.0	0.7000000000000001	3.0
0.72	1.0	0.72	3.0
0.72	1.0	0.7000000000000001	3.0
0.7000000000000001	1.0	0.72	3.0
0.72	1.0	0.72	3.0
0.74	1.0	0.68	3.0
0.72	1.0	0.7000000000000001	3.0
0.74	1.0	0.7000000000000001	3.0
0.72	1.0	0.68	3.0
0.7000000000000001	1.0	0.7000000000000001	3.0
0.72	1.0	0.7000000000000001	3.0
0.72	1.0	0.7000000000000001	3.0
0.7000000000000001	1.0	0.7000000000000001	3.0
0.7000000000000001	1.0	0.72	3.0
0.7000000000000001	1.0	0.7000000000000001	3.0
0.68	1.0	0.72	3.0
0.7000000000000001	1.0	0.72	3.0
0.7000000000000001	1.0	0.68	3.0
0.68	1.0	0.7000000000000001	3.0
0.7000000000000001	1.0	0.7000000000000001	3.0
0.7000000000000001	1.0	0.72	3.0
0.68	1.0	0.72	3.0
0.68	1.0	0.74	3.0
0.74	1.0	0.6	3.0
0.72	1.0	0.6	3.0
0.72	1.0	0.62	3.0
0.74	1.0	0.6	3.0
0.72	1.0	0.62	3.0
0.74	1.0	0.62	3.0
0.76	1.0	0.6	3.0
0.74	1.0	0.6	3.0
0.74	1.0	0.62	3.0
0.76	1.0	0.6	3.0
0.74	1.0	0.62	3.0
0.76	1.0	0.62	3.0
0.76	1.0	0.62	3.0
0.74	1.0	0.62	3.0
0.74	1.0	0.64	3.0
0.76	1.0	0.58	3.0
0.74	1.0	0.6	3.0
0.76	1.0	0.6	3.0
0.74	1.0	0.62	3.0
0.72	1.0	0.64	3.0
0.74	1.0	0.64	3.0
0.74	1.0	0.64	3.0
0.72	1.0	0.66	3.0
0.74	1.0	0.66	3.0
0.76	1.0	0.64	3.0
0.74	1.0	0.64	3.0
0.74	1.0	0.66	3.0
0.76	1.0	0.64	3.0
0.74	1.0	0.66	3.0
0.76	1.0	0.66	3.0
0.76	1.0	0.62	3.0
0.74	1.0	0.64	3.0
0.76	1.0	0.64	3.0
0.76	1.0	0.66	3.0
0.74	1.0	0.66	3.0
0.74	1.0	0.68	3.0
0.76	1.0	0.66	3.0
0.74	1.0	0.68	3.0
0.76	1.0	0.68	3.0
0.76	1.0	0.68	3.0
0.74	1.0	0.68	3.0
0.74	1.0	0.7000000000000001	3.0
0.76	1.0	0.68	3.0
0.74	1.0	0.7000000000000001	3.0
0.76	1.0	0.7000000000000001	3.0
0.76	1.0	0.7000000000000001	3.0
0.74	1.0	0.72	3.0
0.76	1.0	0.72	3.0
0.8200000000000001	1.0	0.68	3.0
0.8	1.0	0.68	3.0
0.8	1.0	0.7000000000000001	3.0
0.8	1.0	0.68	3.0
0.78	1.0	0.7000000000000001	3.0
0.8	1.0	0.7000000000000001	3.0
0.8200000000000001	1.0	0.68	3.0
0.8	1.0	0.7000000000000001	3.0
0.8200000000000001	1.0	0.7000000000000001	3.0
0.8	1.0	0.7000000000000001	3.0
0.78	1.0	0.7000000000000001	3.0
0.78	1.0	0.72	3.0
0.8	1.0	0.68	3.0
0.78	1.0	0.68	3.0
0.78	1.0	0.7000000000000001	3.0
0.78	1.0	0.68	3.0
0.76	1.0	0.7000000000000001	3.0
0.78	1.0	0.7000000000000001	3.0
0.78	1.0	0.7000000000000001	3.0
0.76	1.0	0.7000000000000001	3.0
0.76	1.0	0.72	3.0
0.78	1.0	0.68	3.0
0.76	1.0	0.68	3.0
0.76	1.0	0.7000000000000001	3.0
0.78	1.0	0.66	3.0
0.76	1.0	0.66	3.0
0.76	1.0	0.68	3.0
0.78	1.0	0.66	3.0
0.76	1.0	0.68	3.0
0.78	1.0	0.68	3.0
0.78	1.0	0.64	3.0
0.76	1.0	0.66	3.0
0.78	1.0	0.66	3.0
0.8	1.0	0.66	3.0
0.78	1.0	0.66	3.0
0.78	1.0	0.68	3.0
0.78	1.0	0.62	3.0
0.76	1.0	0.62	3.0
0.76	1.0	0.64	3.0
0.78	1.0	0.64	3.0
0.76	1.0	0.64	3.0
0.76	1.0	0.66	3.0
0.8	1.0	0.64	3.0
0.78	1.0	0.64	3.0
0.78	1.0	0.66	3.0
0.78	1.0	0.62	3.0
0.76	1.0	0.64	3.0
0.78	1.0	0.64	3.0
0.8	1.0	0.62	3.0
0.78	1.0	0.62	3.0
0.78	1.0	0.64	3.0
0.8	1.0	0.62	3.0
0.78	1.0	0.64	3.0
0.8	1.0	0.64	3.0
0.8	1.0	0.64	3.0
0.78	1.0	0.66	3.0
0.8	1.0	0.66	3.0
0.8	1.0	0.66	3.0
0.78	1.0	0.68	3.0
0.8	1.0	0.68	3.0
0.8200000000000001	1.0	0.66	3.0
0.8	1.0	0.66	3.0
0.8	1.0	0.68	3.0
0.8	1.0	0.58	3.0
0.78	1.0	0.6	3.0
0.8	1.0	0.6	3.0
0.8	1.0	0.58	3.0
0.78	1.0	0.58	3.0
0.78	1.0	0.6	3.0
0.78	1.0	0.58	3.0
0.76	1.0	0.6	3.0
0.78	1.0	0.6	3.0
0.78	1.0	0.6	3.0
0.76	1.0	0.6	3.0
0.76	1.0	0.62	3.0
0.78	1.0	0.6	3.0
0.76	1.0	0.62	3.0
0.78	1.0	0.62	3.0
0.8	1.0	0.6	3.0
0.78	1.0	0.6	3.0
0.78	1.0	0.62	3.0
0.46	1.0	0.74	3.0
0.44	1.0	0.74	3.0
0.44	1.0	0.76	3.0
0.46	1.0	0.72	3.0
0.44	1.0	0.74	3.0
0.46	1.0	0.74	3.0
0.46	1.0	0.74	3.0
0.44	1.0	0.76	3.0
0.46	1.0	0.76	3.0
0.44	1.0	0.74	3.0
0.42	1.0	0.76	3.0
0.44	1.0	0.76	3.0
0.46	1.0	0.72	3.0
0.44	1.0	0.72	3.0
0.44	1.0	0.74	3.0
0.44	1.0	0.72	3.0
0.42	1.0	0.74	3.0
0.44	1.0	0.74	3.0
0.46	1.0	0.7000000000000001	3.0
0.44	1.0	0.72	3.0
0.46	1.0	0.72	3.0
0.48	1.0	0.72	3.0
0.46	1.0	0.72	3.0
0.46	1.0	0.74	3.0
0.48	1.0	0.74	3.0
0.46	1.0	0.74	3.0
0.46	1.0	0.76	3.0
0.48	1.0	0.74	3.0
0.46	1.0	0.76	3.0
0.48	1.0	0.76	3.0
0.48	1.0	0.72	3.0
0.46	1.0	0.74	3.0
0.48	1.0	0.74	3.0
0.5	1.0	0.74	3.0
0.48	1.0	0.74	3.0
0.48	1.0	0.76	3.0
0.5	1.0	0.72	3.0
0.48	1.0	0.72	3.0
0.48	1.0	0.74	3.0
0.48	1.0	0.7000000000000001	3.0
0.46	1.0	0.72	3.0
0.48	1.0	0.72	3.0
0.44	1.0	0.7000000000000001	3.0
0.42	1.0	0.72	3.0
0.44	1.0	0.72	3.0
0.42	1.0	0.72	3.0
0.4	1.0	0.72	3.0
0.4	1.0	0.74	3.0
0.4	1.0	0.72	3.0
0.38	1.0	0.74	3.0
0.4	1.0	0.74	3.0
0.4	1.0	0.72	3.0
0.38	1.0	0.72	3.0
0.38	1.0	0.74	3.0
0.38	1.0	0.72	3.0
0.36	1.0	0.74	3.0
0.38	1.0	0.74	3.0
0.4	1.0	0.74	3.0
0.38	1.0	0.74	3.0
0.38	1.0	0.76	3.0
0.38	1.0	0.74	3.0
0.36	1.0	0.76	3.0
0.38	1.0	0.76	3.0
0.4	1.0	0.74	3.0
0.38	1.0	0.76	3.0
0.4	1.0	0.76	3.0
0.42	1.0	0.74	3.0
0.4	1.0	0.74	3.0
0.4	1.0	0.76	3.0
0.42	1.0	0.74	3.0
0.4	1.0	0.76	3.0
0.42	1.0	0.76	3.0
0.44	1.0	0.74	3.0
0.42	1.0	0.74	3.0
0.42	1.0	0.76	3.0
0.42	1.0	0.72	3.0
0.4	1.0	0.74	3.0
0.42	1.0	0.74	3.0
0.44	1.0	0.72	3.0
0.42	1.0	0.72	3.0
0.42	1.0	0.74	3.0
0.38	1.0	0.74	3.0
0.36	1.0	0.74	3.0
0.36	1.0	0.76	3.0
0.38	1.0	0.72	3.0
0.36	1.0	0.72	3.0
0.36	1.0	0.74	3.0
0.38	1.0	0.76	3.0
0.36	1.0	0.76	3.0
0.36	1.0	0.78	3.0
0.44	1.0	0.76	3.0
0.42	1.0	0.76	3.0
0.42	1.0	0.78	3.0
0.44	1.0	0.76	3.0
0.42	1.0	0.78	3.0
0.44	1.0	0.78	3.0
0.42	1.0	0.76	3.0
0.4	1.0	0.78	3.0
0.42	1.0	0.78	3.0
0.42	1.0	0.78	3.0
0.4	1.0	0.78	3.0
0.4	1.0	0.8	3.0
0.42	1.0	0.76	3.0
0.4	1.0	0.76	3.0
0.4	1.0	0.78	3.0
0.4	1.0	0.76	3.0
0.38	1.0	0.76	3.0
0.38	1.0	0.78	3.0
0.38	1.0	0.76	3.0
0.36	1.0	0.78	3.0
0.38	1.0	0.78	3.0
0.4	1.0	0.76	3.0
0.38	1.0	0.78	3.0
0.4	1.0	0.78	3.0
0.4	1.0	0.78	3.0
0.38	1.0	0.78	3.0
0.38	1.0	0.8	3.0
0.38	1.0	0.78	3.0
0.36	1.0	0.8	3.0
0.38	1.0	0.8	3.0
0.48	1.0	0.76	3.0
0.46	1.0	0.76	3.0
0.46	1.0	0.78	3.0
0.46	1.0	0.76	3.0
0.44	1.0	0.76	3.0
0.44	1.0	0.78	3.0
0.9	1.0	0.86	3.0
0.88	1.0	0.86	3.0
0.88	1.0	0.88	3.0
0.88	1.0	0.86	3.0
0.86	1.0	0.88	3.0
0.88	1.0	0.88	3.0
0.92	1.0	0.92	3.0
0.9	1.0	0.92	3.0
0.9	1.0	0.9400000000000001	3.0
0.9	1.0	0.92	3.0
0.88	1.0	0.9400000000000001	3.0
0.9	1.0	0.9400000000000001	3.0
0.9	1.0	0.92	3.0
0.88	1.0	0.92	3.0
0.88	1.0	0.9400000000000001	3.0
0.88	1.0	0.92	3.0
0.86	1.0	0.9400000000000001	3.0
0.88	1.0	0.9400000000000001	3.0
0.9	1.0	0.9	3.0
0.88	1.0	0.92	3.0
0.9	1.0	0.92	3.0
0.9	1.0	0.9	3.0
0.88	1.0	0.9	3.0
0.88	1.0	0.92	3.0
0.88	1.0	0.9	3.0
0.86	1.0	0.92	3.0
0.88	1.0	0.92	3.0
0.9	1.0	0.88	3.0
0.88	1.0	0.9	3.0
0.9	1.0	0.9	3.0
0.9	1.0	0.88	3.0
0.88	1.0	0.88	3.0
0.88	1.0	0.9	3.0
0.88	1.0	0.88	3.0
0.86	1.0	0.9	3.0
0.88	1.0	0.9	3.0
0.88	1.0	0.88	3.0
0.86	1.0	0.88	3.0
0.86	1.0	0.9	3.0
0.86	1.0	0.88	3.0
0.84	1.0	0.9	3.0
0.86	1.0	0.9	3.0
0.86	1.0	0.88	3.0
0.84	1.0	0.88	3.0
0.84	1.0	0.9	3.0
0.86	1.0	0.86	3.0
0.84	1.0	0.88	3.0
0.86	1.0	0.88	3.0
0.86	1.0	0.9	3.0
0.84	1.0	0.9	3.0
0.84	1.0	0.92	3.0
0.88	1.0	0.9	3.0
0.86	1.0	0.9	3.0
0.86	1.0	0.92	3.0
0.88	1.0	0.92	3.0
0.86	1.0	0.92	3.0
0.86	1.0	0.9400000000000001	3.0
0.86	1.0	0.9	3.0
0.84	1.0	0.92	3.0
0.86	1.0	0.92	3.0
0.86	1.0	0.92	3.0
0.84	1.0	0.9400000000000001	3.0
0.86	1.0	0.9400000000000001	3.0
0.86	1.0	0.92	3.0
0.84	1.0	0.92	3.0
0.84	1.0	0.9400000000000001	3.0
0.84	1.0	0.9	3.0
0.8200000000000001	1.0	0.92	3.0
0.84	1.0	0.92	3.0
0.84	1.0	0.92	3.0
0.8200000000000001	1.0	0.92	3.0
0.8200000000000001	1.0	0.9400000000000001	3.0
0.84	1.0	0.9	3.0
0.8200000000000001	1.0	0.9	3.0
0.8200000000000001	1.0	0.92	3.0
0.84	1.0	0.92	3.0
0.8200000000000001	1.0	0.9400000000000001	3.0
0.84	1.0	0.9400000000000001	3.0
0.8200000000000001	1.0	0.92	3.0
0.8	1.0	0.9400000000000001	3.0
0.8200000000000001	1.0	0.9400000000000001	3.0
0.8200000000000001	1.0	0.9	3.0
0.8	1.0	0.92	3.0
0.8200000000000001	1.0	0.92	3.0
0.84	1.0	0.88	3.0
0.8200000000000001	1.0	0.88	3.0
0.8200000000000001	1.0	0.9	3.0
0.8200000000000001	1.0	0.88	3.0
0.8	1.0	0.9	3.0
0.8200000000000001	1.0	0.9	3.0
0.84	1.0	0.88	3.0
0.8200000000000001	1.0	0.9	3.0
0.84	1.0	0.9	3.0
0.84	1.0	0.86	3.0
0.8200000000000001	1.0	0.88	3.0
0.84	1.0	0.88	3.0
0.8200000000000001	1.0	0.88	3.0
0.8	1.0	0.88	3.0
0.8	1.0	0.9	3.0
0.8	1.0	0.88	3.0
0.78	1.0	0.9	3.0
0.8	1.0	0.9	3.0
0.8200000000000001	1.0	0.86	3.0
0.8	1.0	0.88	3.0
0.8200000000000001	1.0	0.88	3.0
0.8200000000000001	1.0	0.9	3.0
0.8	1.0	0.9	3.0
0.8	1.0	0.92	3.0
0.8200000000000001	1.0	0.92	3.0
0.8	1.0	0.92	3.0
0.8	1.0	0.9400000000000001	3.0
0.8	1.0	0.9	3.0
0.78	1.0	0.92	3.0
0.8	1.0	0.92	3.0
0.8	1.0	0.92	3.0
0.78	1.0	0.9400000000000001	3.0
0.8	1.0	0.9400000000000001	3.0
0.8	1.0	0.86	3.0
0.78	1.0	0.88	3.0
0.8	1.0	0.88	3.0
0.8	1.0	0.86	3.0
0.78	1.0	0.86	3.0
0.78	1.0	0.88	3.0
0.8	1.0	0.84	3.0
0.78	1.0	0.86	3.0
0.8	1.0	0.86	3.0
0.8	1.0	0.84	3.0
0.78	1.0	0.84	3.0
0.78	1.0	0.86	3.0
0.8200000000000001	1.0	0.84	3.0
0.8	1.0	0.84	3.0
0.8	1.0	0.86	3.0
0.8200000000000001	1.0	0.84	3.0
0.8	1.0	0.86	3.0
0.8200000000000001	1.0	0.86	3.0
0.8200000000000001	1.0	0.86	3.0
0.8	1.0	0.86	3.0
0.8	1.0	0.88	3.0
0.8200000000000001	1.0	0.8200000000000001	3.0
0.8	1.0	0.8200000000000001	3.0
0.8	1.0	0.84	3.0
0.8200000000000001	1.0	0.8	3.0
0.8	1.0	0.8200000000000001	3.0
0.8200000000000001	1.0	0.8200000000000001	3.0
0.8200000000000001	1.0	0.8200000000000001	3.0
0.8	1.0	0.84	3.0
0.8200000000000001	1.0	0.84	3.0
0.8	1.0	0.8200000000000001	3.0
0.78	1.0	0.84	3.0
0.8	1.0	0.84	3.0
0.8	1.0	0.8200000000000001	3.0
0.78	1.0	0.8200000000000001	3.0
0.78	1.0	0.84	3.0
0.86	1.0	0.8	3.0
0.84	1.0	0.8	3.0
0.84	1.0	0.8200000000000001	3.0
0.84	1.0	0.8	3.0
0.8200000000000001	1.0	0.8200000000000001	3.0
0.84	1.0	0.8200000000000001	3.0
0.86	1.0	0.8	3.0
0.84	1.0	0.8200000000000001	3.0
0.86	1.0	0.8200000000000001	3.0
0.88	1.0	0.8	3.0
0.86	1.0	0.8	3.0
0.86	1.0	0.8200000000000001	3.0
0.86	1.0	0.8200000000000001	3.0
0.84	1.0	0.8200000000000001	3.0
0.84	1.0	0.84	3.0
0.86	1.0	0.84	3.0
0.84	1.0	0.84	3.0
0.84	1.0	0.86	3.0
0.86	1.0	0.8200000000000001	3.0
0.84	1.0	0.84	3.0
0.86	1.0	0.84	3.0
0.88	1.0	0.8200000000000001	3.0
0.86	1.0	0.8200000000000001	3.0
0.86	1.0	0.84	3.0
0.88	1.0	0.84	3.0
0.86	1.0	0.84	3.0
0.86	1.0	0.86	3.0
0.88	1.0	0.8200000000000001	3.0
0.86	1.0	0.84	3.0
0.88	1.0	0.84	3.0
0.88	1.0	0.84	3.0
0.86	1.0	0.86	3.0
0.88	1.0	0.86	3.0
0.86	1.0	0.84	3.0
0.84	1.0	0.86	3.0
0.86	1.0	0.86	3.0
0.88	1.0	0.86	3.0
0.86	1.0	0.86	3.0
0.86	1.0	0.88	3.0
0.86	1.0	0.86	3.0
0.84	1.0	0.86	3.0
0.84	1.0	0.88	3.0
0.84	1.0	0.84	3.0
0.8200000000000001	1.0	0.86	3.0
0.84	1.0	0.86	3.0
0.84	1.0	0.84	3.0
0.8200000000000001	1.0	0.84	3.0
0.8200000000000001	1.0	0.86	3.0
0.84	1.0	0.86	3.0
0.8200000000000001	1.0	0.86	3.0
0.8200000000000001	1.0	0.88	3.0
0.84	1.0	0.8200000000000001	3.0
0.8200000000000001	1.0	0.8200000000000001	3.0
0.8200000000000001	1.0	0.84	3.0
0.84	1.0	0.8200000000000001	3.0
0.8200000000000001	1.0	0.84	3.0
0.84	1.0	0.84	3.0
0.72	1.0	0.78	3.0
0.7000000000000001	1.0	0.8	3.0
0.72	1.0	0.8	3.0
0.72	1.0	0.78	3.0
0.7000000000000001	1.0	0.78	3.0
0.7000000000000001	1.0	0.8	3.0
0.72	1.0	0.8	3.0
0.7000000000000001	1.0	0.8200000000000001	3.0
0.72	1.0	0.8200000000000001	3.0
0.72	1.0	0.8	3.0
0.7000000000000001	1.0	0.8	3.0
0.7000000000000001	1.0	0.8200000000000001	3.0
0.7000000000000001	1.0	0.8	3.0
0.68	1.0	0.8200000000000001	3.0
0.7000000000000001	1.0	0.8200000000000001	3.0
0.7000000000000001	1.0	0.8	3.0
0.68	1.0	0.8	3.0
0.68	1.0	0.8200000000000001	3.0
0.7000000000000001	1.0	0.78	3.0
0.68	1.0	0.8	3.0
0.7000000000000001	1.0	0.8	3.0
0.7000000000000001	1.0	0.78	3.0
0.68	1.0	0.78	3.0
0.68	1.0	0.8	3.0
0.7000000000000001	1.0	0.76	3.0
0.68	1.0	0.78	3.0
0.7000000000000001	1.0	0.78	3.0
0.7000000000000001	1.0	0.76	3.0
0.68	1.0	0.76	3.0
0.68	1.0	0.78	3.0
0.72	1.0	0.76	3.0
0.7000000000000001	1.0	0.76	3.0
0.7000000000000001	1.0	0.78	3.0
0.7000000000000001	1.0	0.74	3.0
0.68	1.0	0.76	3.0
0.7000000000000001	1.0	0.76	3.0
0.72	1.0	0.74	3.0
0.7000000000000001	1.0	0.76	3.0
0.72	1.0	0.76	3.0
0.72	1.0	0.76	3.0
0.7000000000000001	1.0	0.78	3.0
0.72	1.0	0.78	3.0
0.74	1.0	0.76	3.0
0.72	1.0	0.76	3.0
0.72	1.0	0.78	3.0
0.74	1.0	0.76	3.0
0.72	1.0	0.78	3.0
0.74	1.0	0.78	3.0
0.74	1.0	0.78	3.0
0.72	1.0	0.78	3.0
0.72	1.0	0.8	3.0
0.74	1.0	0.74	3.0
0.72	1.0	0.76	3.0
0.74	1.0	0.76	3.0
0.76	1.0	0.76	3.0
0.74	1.0	0.76	3.0
0.74	1.0	0.78	3.0
0.76	1.0	0.74	3.0
0.74	1.0	0.76	3.0
0.76	1.0	0.76	3.0
0.76	1.0	0.76	3.0
0.74	1.0	0.78	3.0
0.76	1.0	0.78	3.0
0.76	1.0	0.78	3.0
0.74	1.0	0.78	3.0
0.74	1.0	0.8	3.0
0.76	1.0	0.78	3.0
0.74	1.0	0.8	3.0
0.76	1.0	0.8	3.0
0.74	1.0	0.78	3.0
0.72	1.0	0.8	3.0
0.74	1.0	0.8	3.0
0.74	1.0	0.8	3.0
0.72	1.0	0.8	3.0
0.72	1.0	0.8200000000000001	3.0
0.74	1.0	0.8	3.0
0.72	1.0	0.8200000000000001	3.0
0.74	1.0	0.8200000000000001	3.0
0.76	1.0	0.8	3.0
0.74	1.0	0.8	3.0
0.74	1.0	0.8200000000000001	3.0
0.76	1.0	0.8	3.0
0.74	1.0	0.8200000000000001	3.0
0.76	1.0	0.8200000000000001	3.0
0.76	1.0	0.8200000000000001	3.0
0.74	1.0	0.8200000000000001	3.0
0.74	1.0	0.84	3.0
0.76	1.0	0.8200000000000001	3.0
0.74	1.0	0.84	3.0
0.76	1.0	0.84	3.0
0.74	1.0	0.8200000000000001	3.0
0.72	1.0	0.84	3.0
0.74	1.0	0.84	3.0
0.74	1.0	0.8200000000000001	3.0
0.72	1.0	0.8200000000000001	3.0
0.72	1.0	0.84	3.0
0.74	1.0	0.84	3.0
0.72	1.0	0.84	3.0
0.72	1.0	0.86	3.0
0.72	1.0	0.8200000000000001	3.0
0.7000000000000001	1.0	0.84	3.0
0.72	1.0	0.84	3.0
0.72	1.0	0.84	3.0
0.7000000000000001	1.0	0.86	3.0
0.72	1.0	0.86	3.0
0.72	1.0	0.84	3.0
0.7000000000000001	1.0	0.84	3.0
0.7000000000000001	1.0	0.86	3.0
0.7000000000000001	1.0	0.84	3.0
0.68	1.0	0.86	3.0
0.7000000000000001	1.0	0.86	3.0
0.7000000000000001	1.0	0.84	3.0
0.68	1.0	0.84	3.0
0.68	1.0	0.86	3.0
0.72	1.0	0.8200000000000001	3.0
0.7000000000000001	1.0	0.8200000000000001	3.0
0.7000000000000001	1.0	0.84	3.0
0.7000000000000001	1.0	0.8200000000000001	3.0
0.68	1.0	0.84	3.0
0.7000000000000001	1.0	0.84	3.0
0.7000000000000001	1.0	0.8200000000000001	3.0
0.68	1.0	0.8200000000000001	3.0
0.68	1.0	0.84	3.0
0.68	1.0	0.78	3.0
0.66	1.0	0.8	3.0
0.68	1.0	0.8	3.0
0.68	1.0	0.76	3.0
0.66	1.0	0.78	3.0
0.68	1.0	0.78	3.0
0.68	1.0	0.72	3.0
0.66	1.0	0.74	3.0
0.68	1.0	0.74	3.0
0.7000000000000001	1.0	0.74	3.0
0.68	1.0	0.74	3.0
0.68	1.0	0.76	3.0
0.68	1.0	0.74	3.0
0.66	1.0	0.76	3.0
0.68	1.0	0.76	3.0
0.72	1.0	0.74	3.0
0.7000000000000001	1.0	0.74	3.0
0.7000000000000001	1.0	0.76	3.0
0.7000000000000001	1.0	0.72	3.0
0.68	1.0	0.74	3.0
0.7000000000000001	1.0	0.74	3.0
0.72	1.0	0.72	3.0
0.7000000000000001	1.0	0.72	3.0
0.7000000000000001	1.0	0.74	3.0
0.72	1.0	0.72	3.0
0.7000000000000001	1.0	0.74	3.0
0.72	1.0	0.74	3.0
0.74	1.0	0.74	3.0
0.72	1.0	0.74	3.0
0.72	1.0	0.76	3.0
0.74	1.0	0.72	3.0
0.72	1.0	0.74	3.0
0.74	1.0	0.74	3.0
0.74	1.0	0.72	3.0
0.72	1.0	0.72	3.0
0.72	1.0	0.74	3.0
0.76	1.0	0.72	3.0
0.74	1.0	0.72	3.0
0.74	1.0	0.74	3.0
0.76	1.0	0.74	3.0
0.74	1.0	0.74	3.0
0.74	1.0	0.76	3.0
0.78	1.0	0.8200000000000001	3.0
0.76	1.0	0.8200000000000001	3.0
0.76	1.0	0.84	3.0
0.78	1.0	0.8	3.0
0.76	1.0	0.8200000000000001	3.0
0.78	1.0	0.8200000000000001	3.0
0.78	1.0	0.8200000000000001	3.0
0.76	1.0	0.84	3.0
0.78	1.0	0.84	3.0
0.78	1.0	0.8	3.0
0.76	1.0	0.8	3.0
0.76	1.0	0.8200000000000001	3.0
0.78	1.0	0.78	3.0
0.76	1.0	0.78	3.0
0.76	1.0	0.8	3.0
0.76	1.0	0.72	3.0
0.74	1.0	0.74	3.0
0.76	1.0	0.74	3.0
0.78	1.0	0.74	3.0
0.76	1.0	0.74	3.0
0.76	1.0	0.76	3.0
0.78	1.0	0.72	3.0
0.76	1.0	0.72	3.0
0.76	1.0	0.74	3.0
0.78	1.0	0.7000000000000001	3.0
0.76	1.0	0.72	3.0
0.78	1.0	0.72	3.0
0.78	1.0	0.72	3.0
0.76	1.0	0.74	3.0
0.78	1.0	0.74	3.0
0.8	1.0	0.72	3.0
0.78	1.0	0.72	3.0
0.78	1.0	0.74	3.0
0.78	1.0	0.74	3.0
0.76	1.0	0.76	3.0
0.78	1.0	0.76	3.0
0.8	1.0	0.74	3.0
0.78	1.0	0.74	3.0
0.78	1.0	0.76	3.0
0.8	1.0	0.74	3.0
0.78	1.0	0.76	3.0
0.8	1.0	0.76	3.0
0.8	1.0	0.72	3.0
0.78	1.0	0.74	3.0
0.8	1.0	0.74	3.0
0.8	1.0	0.7000000000000001	3.0
0.78	1.0	0.72	3.0
0.8	1.0	0.72	3.0
0.8200000000000001	1.0	0.72	3.0
0.8	1.0	0.72	3.0
0.8	1.0	0.74	3.0
0.8200000000000001	1.0	0.7000000000000001	3.0
0.8	1.0	0.72	3.0
0.8200000000000001	1.0	0.72	3.0
0.8200000000000001	1.0	0.72	3.0
0.8	1.0	0.74	3.0
0.8200000000000001	1.0	0.74	3.0
0.8200000000000001	1.0	0.74	3.0
0.8	1.0	0.74	3.0
0.8	1.0	0.76	3.0
0.8200000000000001	1.0	0.74	3.0
0.8	1.0	0.76	3.0
0.8200000000000001	1.0	0.76	3.0
0.8200000000000001	1.0	0.7000000000000001	3.0
0.8	1.0	0.7000000000000001	3.0
0.8	1.0	0.72	3.0
0.84	1.0	0.72	3.0
0.8200000000000001	1.0	0.74	3.0
0.84	1.0	0.74	3.0
0.84	1.0	0.72	3.0
0.8200000000000001	1.0	0.72	3.0
0.8200000000000001	1.0	0.74	3.0
0.86	1.0	0.74	3.0
0.84	1.0	0.74	3.0
0.84	1.0	0.76	3.0
0.84	1.0	0.74	3.0
0.8200000000000001	1.0	0.76	3.0
0.84	1.0	0.76	3.0
0.84	1.0	0.74	3.0
0.8200000000000001	1.0	0.74	3.0
0.8200000000000001	1.0	0.76	3.0
0.8	1.0	0.8	3.0
0.78	1.0	0.8200000000000001	3.0
0.8	1.0	0.8200000000000001	3.0
0.78	1.0	0.78	3.0
0.76	1.0	0.8	3.0
0.78	1.0	0.8	3.0
0.8	1.0	0.78	3.0
0.78	1.0	0.78	3.0
0.78	1.0	0.8	3.0
0.8	1.0	0.8	3.0
0.78	1.0	0.8	3.0
0.78	1.0	0.8200000000000001	3.0
0.78	1.0	0.76	3.0
0.76	1.0	0.76	3.0
0.76	1.0	0.78	3.0
0.78	1.0	0.76	3.0
0.76	1.0	0.78	3.0
0.78	1.0	0.78	3.0
0.8	1.0	0.76	3.0
0.78	1.0	0.76	3.0
0.78	1.0	0.78	3.0
0.8	1.0	0.76	3.0
0.78	1.0	0.78	3.0
0.8	1.0	0.78	3.0
0.8200000000000001	1.0	0.78	3.0
0.8	1.0	0.78	3.0
0.8	1.0	0.8	3.0
0.8200000000000001	1.0	0.76	3.0
0.8	1.0	0.78	3.0
0.8200000000000001	1.0	0.78	3.0
0.8200000000000001	1.0	0.76	3.0
0.8	1.0	0.76	3.0
0.8	1.0	0.78	3.0
0.8	1.0	0.78	3.0
0.78	1.0	0.8	3.0
0.8	1.0	0.8	3.0
0.8200000000000001	1.0	0.78	3.0
0.8	1.0	0.8	3.0
0.8200000000000001	1.0	0.8	3.0
0.8200000000000001	1.0	0.8	3.0
0.8	1.0	0.8	3.0
0.8	1.0	0.8200000000000001	3.0
0.84	1.0	0.8	3.0
0.8200000000000001	1.0	0.8	3.0
0.8200000000000001	1.0	0.8200000000000001	3.0
0.84	1.0	0.78	3.0
0.8200000000000001	1.0	0.78	3.0
0.8200000000000001	1.0	0.8	3.0
0.84	1.0	0.78	3.0
0.8200000000000001	1.0	0.8	3.0
0.84	1.0	0.8	3.0
0.86	1.0	0.78	3.0
0.84	1.0	0.78	3.0
0.84	1.0	0.8	3.0
0.84	1.0	0.76	3.0
0.8200000000000001	1.0	0.76	3.0
0.8200000000000001	1.0	0.78	3.0
0.84	1.0	0.76	3.0
0.8200000000000001	1.0	0.78	3.0
0.84	1.0	0.78	3.0
0.86	1.0	0.76	3.0
0.84	1.0	0.76	3.0
0.84	1.0	0.78	3.0
0.86	1.0	0.76	3.0
0.84	1.0	0.78	3.0
0.86	1.0	0.78	3.0
0.86	1.0	0.78	3.0
0.84	1.0	0.8	3.0
0.86	1.0	0.8	3.0
0.68	1.0	0.8200000000000001	3.0
0.66	1.0	0.84	3.0
0.68	1.0	0.84	3.0
0.68	1.0	0.8200000000000001	3.0
0.66	1.0	0.8200000000000001	3.0
0.66	1.0	0.84	3.0
0.68	1.0	0.84	3.0
0.66	1.0	0.84	3.0
0.66	1.0	0.86	3.0
0.66	1.0	0.8200000000000001	3.0
0.64	1.0	0.84	3.0
0.66	1.0	0.84	3.0
0.68	1.0	0.8	3.0
0.66	1.0	0.8200000000000001	3.0
0.68	1.0	0.8200000000000001	3.0
0.66	1.0	0.8200000000000001	3.0
0.64	1.0	0.8200000000000001	3.0
0.64	1.0	0.84	3.0
0.66	1.0	0.8	3.0
0.64	1.0	0.8200000000000001	3.0
0.66	1.0	0.8200000000000001	3.0
0.66	1.0	0.84	3.0
0.64	1.0	0.84	3.0
0.64	1.0	0.86	3.0
0.64	1.0	0.8200000000000001	3.0
0.62	1.0	0.84	3.0
0.64	1.0	0.84	3.0
0.64	1.0	0.84	3.0
0.62	1.0	0.84	3.0
0.62	1.0	0.86	3.0
0.64	1.0	0.8200000000000001	3.0
0.62	1.0	0.8200000000000001	3.0
0.62	1.0	0.84	3.0
0.64	1.0	0.8	3.0
0.62	1.0	0.8200000000000001	3.0
0.64	1.0	0.8200000000000001	3.0
0.64	1.0	0.8	3.0
0.62	1.0	0.8	3.0
0.62	1.0	0.8200000000000001	3.0
0.64	1.0	0.78	3.0
0.62	1.0	0.8	3.0
0.64	1.0	0.8	3.0
0.66	1.0	0.8	3.0
0.64	1.0	0.8	3.0
0.64	1.0	0.8200000000000001	3.0
0.64	1.0	0.78	3.0
0.62	1.0	0.78	3.0
0.62	1.0	0.8	3.0
0.66	1.0	0.78	3.0
0.64	1.0	0.78	3.0
0.64	1.0	0.8	3.0
0.66	1.0	0.78	3.0
0.64	1.0	0.8	3.0
0.66	1.0	0.8	3.0
0.68	1.0	0.8	3.0
0.66	1.0	0.8	3.0
0.66	1.0	0.8200000000000001	3.0
0.68	1.0	0.78	3.0
0.66	1.0	0.78	3.0
0.66	1.0	0.8	3.0
0.68	1.0	0.76	3.0
0.66	1.0	0.76	3.0
0.66	1.0	0.78	3.0
0.66	1.0	0.76	3.0
0.64	1.0	0.78	3.0
0.66	1.0	0.78	3.0
0.66	1.0	0.76	3.0
0.64	1.0	0.76	3.0
0.64	1.0	0.78	3.0
0.66	1.0	0.74	3.0
0.64	1.0	0.76	3.0
0.66	1.0	0.76	3.0
0.64	1.0	0.76	3.0
0.62	1.0	0.78	3.0
0.64	1.0	0.78	3.0
0.64	1.0	0.76	3.0
0.62	1.0	0.76	3.0
0.62	1.0	0.78	3.0
0.64	1.0	0.74	3.0
0.62	1.0	0.76	3.0
0.64	1.0	0.76	3.0
0.62	1.0	0.76	3.0
0.6	1.0	0.76	3.0
0.6	1.0	0.78	3.0
0.62	1.0	0.74	3.0
0.6	1.0	0.76	3.0
0.62	1.0	0.76	3.0
0.6	1.0	0.76	3.0
0.58	1.0	0.78	3.0
0.6	1.0	0.78	3.0
0.62	1.0	0.78	3.0
0.6	1.0	0.78	3.0
0.6	1.0	0.8	3.0
0.62	1.0	0.76	3.0
0.6	1.0	0.78	3.0
0.62	1.0	0.78	3.0
0.62	1.0	0.78	3.0
0.6	1.0	0.8	3.0
0.62	1.0	0.8	3.0
0.62	1.0	0.8	3.0
0.6	1.0	0.8200000000000001	3.0
0.62	1.0	0.8200000000000001	3.0
0.62	1.0	0.8	3.0
0.6	1.0	0.8	3.0
0.6	1.0	0.8200000000000001	3.0
0.6	1.0	0.8	3.0
0.58	1.0	0.8200000000000001	3.0
0.6	1.0	0.8200000000000001	3.0
0.6	1.0	0.78	3.0
0.58	1.0	0.8	3.0
0.6	1.0	0.8	3.0
0.6	1.0	0.76	3.0
0.58	1.0	0.76	3.0
0.58	1.0	0.78	3.0
0.6	1.0	0.74	3.0
0.58	1.0	0.76	3.0
0.6	1.0	0.76	3.0
0.6	1.0	0.78	3.0
0.58	1.0	0.78	3.0
0.58	1.0	0.8	3.0
0.62	1.0	0.8200000000000001	3.0
0.6	1.0	0.8200000000000001	3.0
0.6	1.0	0.84	3.0
0.6	1.0	0.8200000000000001	3.0
0.58	1.0	0.84	3.0
0.6	1.0	0.84	3.0
0.62	1.0	0.84	3.0
0.6	1.0	0.84	3.0
0.6	1.0	0.86	3.0
0.62	1.0	0.8200000000000001	3.0
0.6	1.0	0.84	3.0
0.62	1.0	0.84	3.0
0.64	1.0	0.74	3.0
0.62	1.0	0.74	3.0
0.62	1.0	0.76	3.0
0.68	1.0	0.74	3.0
0.66	1.0	0.74	3.0
0.66	1.0	0.76	3.0
0.66	1.0	0.74	3.0
0.64	1.0	0.74	3.0
0.64	1.0	0.76	3.0
0.52	1.0	0.8200000000000001	3.0
0.5	1.0	0.8200000000000001	3.0
0.5	1.0	0.84	3.0
0.52	1.0	0.8	3.0
0.5	1.0	0.8	3.0
0.5	1.0	0.8200000000000001	3.0
0.52	1.0	0.78	3.0
0.5	1.0	0.78	3.0
0.5	1.0	0.8	3.0
0.58	1.0	0.78	3.0
0.56	1.0	0.8	3.0
0.58	1.0	0.8	3.0
0.6	1.0	0.8	3.0
0.58	1.0	0.8	3.0
0.58	1.0	0.8200000000000001	3.0
0.58	1.0	0.8	3.0
0.56	1.0	0.8200000000000001	3.0
0.58	1.0	0.8200000000000001	3.0
0.58	1.0	0.8	3.0
0.56	1.0	0.8	3.0
0.56	1.0	0.8200000000000001	3.0
0.58	1.0	0.78	3.0
0.56	1.0	0.78	3.0
0.56	1.0	0.8	3.0
0.58	1.0	0.76	3.0
0.56	1.0	0.78	3.0
0.58	1.0	0.78	3.0
0.58	1.0	0.76	3.0
0.56	1.0	0.76	3.0
0.56	1.0	0.78	3.0
0.6	1.0	0.8200000000000001	3.0
0.58	1.0	0.8200000000000001	3.0
0.58	1.0	0.84	3.0
0.58	1.0	0.8200000000000001	3.0
0.56	1.0	0.8200000000000001	3.0
0.56	1.0	0.84	3.0
0.58	1.0	0.8200000000000001	3.0
0.56	1.0	0.84	3.0
0.58	1.0	0.84	3.0
0.58	1.0	0.84	3.0
0.56	1.0	0.84	3.0
0.56	1.0	0.86	3.0
0.6	1.0	0.84	3.0
0.58	1.0	0.84	3.0
0.58	1.0	0.86	3.0
0.56	1.0	0.8200000000000001	3.0
0.54	1.0	0.8200000000000001	3.0
0.54	1.0	0.84	3.0
0.54	1.0	0.8200000000000001	3.0
0.52	1.0	0.84	3.0
0.54	1.0	0.84	3.0
0.56	1.0	0.84	3.0
0.54	1.0	0.84	3.0
0.54	1.0	0.86	3.0
0.56	1.0	0.8200000000000001	3.0
0.54	1.0	0.84	3.0
0.56	1.0	0.84	3.0
0.56	1.0	0.8	3.0
0.54	1.0	0.8200000000000001	3.0
0.56	1.0	0.8200000000000001	3.0
0.54	1.0	0.8200000000000001	3.0
0.52	1.0	0.8200000000000001	3.0
0.52	1.0	0.84	3.0
0.54	1.0	0.8	3.0
0.52	1.0	0.8200000000000001	3.0
0.54	1.0	0.8200000000000001	3.0
0.52	1.0	0.8	3.0
0.5	1.0	0.8200000000000001	3.0
0.52	1.0	0.8200000000000001	3.0
0.52	1.0	0.8200000000000001	3.0
0.5	1.0	0.84	3.0
0.52	1.0	0.84	3.0
0.52	1.0	0.84	3.0
0.5	1.0	0.84	3.0
0.5	1.0	0.86	3.0
0.54	1.0	0.84	3.0
0.52	1.0	0.84	3.0
0.52	1.0	0.86	3.0
0.56	1.0	0.76	3.0
0.54	1.0	0.76	3.0
0.54	1.0	0.78	3.0
0.54	1.0	0.76	3.0
0.52	1.0	0.78	3.0
0.54	1.0	0.78	3.0
0.56	1.0	0.76	3.0
0.54	1.0	0.78	3.0
0.56	1.0	0.78	3.0
0.56	1.0	0.78	3.0
0.54	1.0	0.78	3.0
0.54	1.0	0.8	3.0
0.56	1.0	0.78	3.0
0.54	1.0	0.8	3.0
0.56	1.0	0.8	3.0
0.56	1.0	0.8	3.0
0.54	1.0	0.8	3.0
0.54	1.0	0.8200000000000001	3.0
0.54	1.0	0.78	3.0
0.52	1.0	0.8	3.0
0.54	1.0	0.8	3.0
0.54	1.0	0.78	3.0
0.52	1.0	0.78	3.0
0.52	1.0	0.8	3.0
0.52	1.0	0.78	3.0
0.5	1.0	0.8	3.0
0.52	1.0	0.8	3.0
0.54	1.0	0.8	3.0
0.52	1.0	0.8	3.0
0.52	1.0	0.8200000000000001	3.0
0.52	1.0	0.76	3.0
0.5	1.0	0.78	3.0
0.52	1.0	0.78	3.0
1.0	0.84	0.76	2.0
1.0	0.86	0.74	2.0
1.0	0.86	0.76	2.0
1.0	0.84	0.76	2.0
1.0	0.84	0.74	2.0
1.0	0.86	0.74	2.0
1.0	0.86	0.76	2.0
1.0	0.86	0.74	2.0
1.0	0.88	0.74	2.0
1.0	0.86	0.76	2.0
1.0	0.88	0.74	2.0
1.0	0.88	0.76	2.0
1.0	0.88	0.76	2.0
1.0	0.88	0.74	2.0
1.0	0.9	0.74	2.0
1.0	0.88	0.78	2.0
1.0	0.88	0.76	2.0
1.0	0.9	0.76	2.0
1.0	0.86	0.78	2.0
1.0	0.88	0.76	2.0
1.0	0.88	0.78	2.0
1.0	0.88	0.8	2.0
1.0	0.88	0.78	2.0
1.0	0.9	0.78	2.0
1.0	0.86	0.8	2.0
1.0	0.88	0.78	2.0
1.0	0.88	0.8	2.0
1.0	0.86	0.86	2.0
1.0	0.88	0.84	2.0
1.0	0.88	0.86	2.0
1.0	0.86	0.86	2.0
1.0	0.86	0.84	2.0
1.0	0.88	0.84	2.0
1.0	0.84	0.86	2.0
1.0	0.86	0.84	2.0
1.0	0.86	0.86	2.0
1.0	0.86	0.88	2.0
1.0	0.86	0.86	2.0
1.0	0.88	0.86	2.0
1.0	0.86	0.88	2.0
1.0	0.88	0.86	2.0
1.0	0.88	0.88	2.0
1.0	0.84	0.88	2.0
1.0	0.86	0.86	2.0
1.0	0.86	0.88	2.0
1.0	0.84	0.88	2.0
1.0	0.84	0.86	2.0
1.0	0.86	0.86	2.0
1.0	0.84	0.86	2.0
1.0	0.84	0.84	2.0
1.0	0.86	0.84	2.0
1.0	0.8200000000000001	0.86	2.0
1.0	0.84	0.84	2.0
1.0	0.84	0.86	2.0
1.0	0.8200000000000001	0.84	2.0
1.0	0.8200000000000001	0.8200000000000001	2.0
1.0	0.84	0.8200000000000001	2.0
1.0	0.8200000000000001	0.8200000000000001	2.0
1.0	0.84	0.8	2.0
1.0	0.84	0.8200000000000001	2.0
1.0	0.84	0.84	2.0
1.0	0.84	0.8200000000000001	2.0
1.0	0.86	0.8200000000000001	2.0
1.0	0.8200000000000001	0.84	2.0
1.0	0.84	0.8200000000000001	2.0
1.0	0.84	0.84	2.0
1.0	0.8200000000000001	0.86	2.0
1.0	0.8200000000000001	0.84	2.0
1.0	0.84	0.84	2.0
1.0	0.84	0.84	2.0
1.0	0.86	0.8200000000000001	2.0
1.0	0.86	0.84	2.0
1.0	0.84	0.8200000000000001	2.0
1.0	0.86	0.8	2.0
1.0	0.86	0.8200000000000001	2.0
1.0	0.86	0.84	2.0
1.0	0.86	0.8200000000000001	2.0
1.0	0.88	0.8200000000000001	2.0
1.0	0.86	0.8200000000000001	2.0
1.0	0.88	0.8	2.0
1.0	0.88	0.8200000000000001	2.0
1.0	0.86	0.84	2.0
1.0	0.88	0.8200000000000001	2.0
1.0	0.88	0.84	2.0
1.0	0.86	0.8	2.0
1.0	0.86	0.78	2.0
1.0	0.88	0.78	2.0
1.0	0.84	0.8	2.0
1.0	0.86	0.78	2.0
1.0	0.86	0.8	2.0
1.0	0.86	0.8200000000000001	2.0
1.0	0.86	0.8	2.0
1.0	0.88	0.8	2.0
1.0	0.84	0.8200000000000001	2.0
1.0	0.84	0.8	2.0
1.0	0.86	0.8	2.0
1.0	0.84	0.8	2.0
1.0	0.84	0.78	2.0
1.0	0.86	0.78	2.0
1.0	0.8200000000000001	0.8	2.0
1.0	0.84	0.78	2.0
1.0	0.84	0.8	2.0
1.0	0.8200000000000001	0.8	2.0
1.0	0.8200000000000001	0.78	2.0
1.0	0.84	0.78	2.0
1.0	0.8200000000000001	0.8200000000000001	2.0
1.0	0.8200000000000001	0.8	2.0
1.0	0.84	0.8	2.0
1.0	0.8	0.8200000000000001	2.0
1.0	0.8200000000000001	0.8	2.0
1.0	0.8200000000000001	0.8200000000000001	2.0
1.0	0.8	0.8	2.0
1.0	0.8200000000000001	0.78	2.0
1.0	0.8200000000000001	0.8	2.0
1.0	0.8200000000000001	0.78	2.0
1.0	0.8200000000000001	0.76	2.0
1.0	0.84	0.76	2.0
1.0	0.8	0.78	2.0
1.0	0.8200000000000001	0.76	2.0
1.0	0.8200000000000001	0.78	2.0
1.0	0.8200000000000001	0.76	2.0
1.0	0.84	0.74	2.0
1.0	0.84	0.76	2.0
1.0	0.84	0.78	2.0
1.0	0.84	0.76	2.0
1.0	0.86	0.76	2.0
1.0	0.8200000000000001	0.78	2.0
1.0	0.84	0.76	2.0
1.0	0.84	0.78	2.0
1.0	0.84	0.78	2.0
1.0	0.86	0.76	2.0
1.0	0.86	0.78	2.0
1.0	0.86	0.78	2.0
1.0	0.86	0.76	2.0
1.0	0.88	0.76	2.0
1.0	0.8	0.8200000000000001	2.0
1.0	0.8	0.8	2.0
1.0	0.8200000000000001	0.8	2.0
1.0	0.8	0.8	2.0
1.0	0.8	0.78	2.0
1.0	0.8200000000000001	0.78	2.0
1.0	0.78	0.8	2.0
1.0	0.8	0.78	2.0
1.0	0.8	0.8	2.0
1.0	0.78	0.8	2.0
1.0	0.78	0.78	2.0
1.0	0.8	0.78	2.0
1.0	0.78	0.78	2.0
1.0	0.8	0.76	2.0
1.0	0.8	0.78	2.0
1.0	0.78	0.78	2.0
1.0	0.78	0.76	2.0
1.0	0.8	0.76	2.0
1.0	0.8	0.78	2.0
1.0	0.8	0.76	2.0
1.0	0.8200000000000001	0.76	2.0
1.0	0.8	0.76	2.0
1.0	0.8200000000000001	0.74	2.0
1.0	0.8200000000000001	0.76	2.0
1.0	0.88	0.74	2.0
1.0	0.9	0.72	2.0
1.0	0.9	0.74	2.0
1.0	0.88	0.76	2.0
1.0	0.9	0.74	2.0
1.0	0.9	0.76	2.0
1.0	0.9	0.76	2.0
1.0	0.9	0.74	2.0
1.0	0.92	0.74	2.0
1.0	0.92	0.76	2.0
1.0	0.92	0.74	2.0
1.0	0.9400000000000001	0.74	2.0
1.0	0.92	0.74	2.0
1.0	0.9400000000000001	0.72	2.0
1.0	0.9400000000000001	0.74	2.0
1.0	0.92	0.76	2.0
1.0	0.9400000000000001	0.74	2.0
1.0	0.9400000000000001	0.76	2.0
1.0	0.9	0.76	2.0
1.0	0.92	0.74	2.0
1.0	0.92	0.76	2.0
1.0	0.9400000000000001	0.76	2.0
1.0	0.9400000000000001	0.74	2.0
1.0	0.96	0.74	2.0
1.0	0.9400000000000001	0.78	2.0
1.0	0.9400000000000001	0.76	2.0
1.0	0.96	0.76	2.0
1.0	0.92	0.78	2.0
1.0	0.9400000000000001	0.76	2.0
1.0	0.9400000000000001	0.78	2.0
1.0	0.9400000000000001	0.8	2.0
1.0	0.96	0.78	2.0
1.0	0.96	0.8	2.0
1.0	0.9400000000000001	0.8	2.0
1.0	0.9400000000000001	0.78	2.0
1.0	0.96	0.78	2.0
1.0	0.92	0.8	2.0
1.0	0.9400000000000001	0.78	2.0
1.0	0.9400000000000001	0.8	2.0
1.0	0.9400000000000001	0.8200000000000001	2.0
1.0	0.9400000000000001	0.8	2.0
1.0	0.96	0.8	2.0
1.0	0.9400000000000001	0.8200000000000001	2.0
1.0	0.96	0.8	2.0
1.0	0.96	0.8200000000000001	2.0
1.0	0.92	0.8200000000000001	2.0
1.0	0.9400000000000001	0.8	2.0
1.0	0.9400000000000001	0.8200000000000001	2.0
1.0	0.88	0.78	2.0
1.0	0.9	0.76	2.0
1.0	0.9	0.78	2.0
1.0	0.9	0.78	2.0
1.0	0.9	0.76	2.0
1.0	0.92	0.76	2.0
1.0	0.9	0.8	2.0
1.0	0.9	0.78	2.0
1.0	0.92	0.78	2.0
1.0	0.9	0.78	2.0
1.0	0.92	0.76	2.0
1.0	0.92	0.78	2.0
1.0	0.92	0.78	2.0
1.0	0.92	0.76	2.0
1.0	0.9400000000000001	0.76	2.0
1.0	0.92	0.8	2.0
1.0	0.92	0.78	2.0
1.0	0.9400000000000001	0.78	2.0
1.0	0.92	0.8200000000000001	2.0
1.0	0.92	0.8	2.0
1.0	0.9400000000000001	0.8	2.0
1.0	0.9	0.8200000000000001	2.0
1.0	0.92	0.8	2.0
1.0	0.92	0.8200000000000001	2.0
1.0	0.9	0.8200000000000001	2.0
1.0	0.9	0.8	2.0
1.0	0.92	0.8	2.0
1.0	0.9	0.8	2.0
1.0	0.92	0.78	2.0
1.0	0.92	0.8	2.0
1.0	0.88	0.8	2.0
1.0	0.9	0.78	2.0
1.0	0.9	0.8	2.0
1.0	0.88	0.8200000000000001	2.0
1.0	0.9	0.8	2.0
1.0	0.9	0.8200000000000001	2.0
1.0	0.88	0.8200000000000001	2.0
1.0	0.88	0.8	2.0
1.0	0.9	0.8	2.0
1.0	0.88	0.86	2.0
1.0	0.88	0.84	2.0
1.0	0.9	0.84	2.0
1.0	0.88	0.84	2.0
1.0	0.9	0.8200000000000001	2.0
1.0	0.9	0.84	2.0
1.0	0.88	0.84	2.0
1.0	0.88	0.8200000000000001	2.0
1.0	0.9	0.8200000000000001	2.0
1.0	0.9	0.84	2.0
1.0	0.9	0.8200000000000001	2.0
1.0	0.92	0.8200000000000001	2.0
1.0	0.9	0.86	2.0
1.0	0.9	0.84	2.0
1.0	0.92	0.84	2.0
1.0	0.9	0.84	2.0
1.0	0.92	0.8200000000000001	2.0
1.0	0.92	0.84	2.0
1.0	0.92	0.84	2.0
1.0	0.92	0.8200000000000001	2.0
1.0	0.9400000000000001	0.8200000000000001	2.0
1.0	0.92	0.84	2.0
1.0	0.9400000000000001	0.8200000000000001	2.0
1.0	0.9400000000000001	0.84	2.0
1.0	0.92	0.86	2.0
1.0	0.92	0.84	2.0
1.0	0.9400000000000001	0.84	2.0
1.0	0.92	0.86	2.0
1.0	0.9400000000000001	0.84	2.0
1.0	0.9400000000000001	0.86	2.0
1.0	0.92	0.88	2.0
1.0	0.92	0.86	2.0
1.0	0.9400000000000001	0.86	2.0
1.0	0.9	0.88	2.0
1.0	0.92	0.86	2.0
1.0	0.92	0.88	2.0
1.0	0.9	0.88	2.0
1.0	0.9	0.86	2.0
1.0	0.92	0.86	2.0
1.0	0.9	0.86	2.0
1.0	0.92	0.84	2.0
1.0	0.92	0.86	2.0
1.0	0.88	0.86	2.0
1.0	0.9	0.84	2.0
1.0	0.9	0.86	2.0
1.0	0.88	0.88	2.0
1.0	0.9	0.86	2.0
1.0	0.9	0.88	2.0
1.0	0.88	0.88	2.0
1.0	0.88	0.86	2.0
1.0	0.9	0.86	2.0
1.0	0.9400000000000001	0.84	2.0
1.0	0.9400000000000001	0.8200000000000001	2.0
1.0	0.96	0.8200000000000001	2.0
1.0	0.9400000000000001	0.84	2.0
1.0	0.96	0.8200000000000001	2.0
1.0	0.96	0.84	2.0
1.0	0.9400000000000001	0.86	2.0
1.0	0.9400000000000001	0.84	2.0
1.0	0.96	0.84	2.0
1.0	0.96	0.86	2.0
1.0	0.96	0.84	2.0
1.0	0.98	0.84	2.0
1.0	0.9400000000000001	0.86	2.0
1.0	0.96	0.84	2.0
1.0	0.96	0.86	2.0
1.0	0.9400000000000001	0.88	2.0
1.0	0.9400000000000001	0.86	2.0
1.0	0.96	0.86	2.0
1.0	0.9400000000000001	0.74	2.0
1.0	0.96	0.72	2.0
1.0	0.96	0.74	2.0
1.0	0.96	0.76	2.0
1.0	0.96	0.74	2.0
1.0	0.98	0.74	2.0
1.0	0.9400000000000001	0.76	2.0
1.0	0.96	0.74	2.0
1.0	0.96	0.76	2.0
0.96	1.0	0.74	3.0
0.9400000000000001	1.0	0.74	3.0
0.9400000000000001	1.0	0.76	3.0
0.96	1.0	0.72	3.0
0.9400000000000001	1.0	0.74	3.0
0.96	1.0	0.74	3.0
0.96	1.0	0.74	3.0
0.9400000000000001	1.0	0.76	3.0
0.96	1.0	0.76	3.0
0.96	1.0	0.72	3.0
0.9400000000000001	1.0	0.72	3.0
0.9400000000000001	1.0	0.74	3.0
0.98	1.0	0.72	3.0
0.96	1.0	0.72	3.0
0.96	1.0	0.74	3.0
0.98	1.0	0.74	3.0
0.96	1.0	0.74	3.0
0.96	1.0	0.76	3.0
0.98	1.0	0.74	3.0
0.96	1.0	0.76	3.0
0.98	1.0	0.76	3.0
0.98	1.0	0.72	3.0
0.96	1.0	0.74	3.0
0.98	1.0	0.74	3.0
1.0	1.0	0.74	3.0
0.98	1.0	0.74	3.0
0.98	1.0	0.76	3.0
1.0	1.0	0.72	3.0
0.98	1.0	0.72	3.0
0.98	1.0	0.74	3.0
1.0	1.0	0.74	3.0
1.0	1.0	0.72	3.0
0.98	1.0	0.74	3.0
1.0	0.98	0.74	2.0
1.0	1.0	0.72	2.0
1.0	1.0	0.74	2.0
1.0	0.98	0.74	2.0
1.0	0.98	0.72	2.0
1.0	1.0	0.72	2.0
1.0	0.96	0.74	2.0
1.0	0.98	0.72	2.0
1.0	0.98	0.74	2.0
1.0	0.96	0.76	2.0
1.0	0.98	0.74	2.0
1.0	0.98	0.76	2.0
1.0	0.98	0.76	2.0
1.0	0.98	0.74	2.0
1.0	1.0	0.74	2.0
1.0	0.98	0.76	2.0
1.0	1.0	0.74	2.0
1.0	1.0	0.76	2.0
1.0	1.0	0.76	3.0
1.0	1.0	0.74	3.0
0.98	1.0	0.76	3.0
1.0	0.98	0.78	2.0
1.0	0.98	0.76	2.0
1.0	1.0	0.76	2.0
1.0	1.0	0.76	3.0
0.98	1.0	0.76	3.0
0.98	1.0	0.78	3.0
1.0	1.0	0.78	0.0
1.0	1.0	0.76	0.0
0.98	1.0	0.78	0.0
1.0	0.98	0.78	0.0
1.0	1.0	0.76	0.0
1.0	1.0	0.78	0.0
1.0	0.98	0.8	2.0
1.0	0.98	0.78	2.0
1.0	1.0	0.78	2.0
1.0	1.0	0.78	3.0
0.98	1.0	0.78	3.0
0.98	1.0	0.8	3.0
0.98	1.0	0.76	3.0
0.96	1.0	0.78	3.0
0.98	1.0	0.78	3.0
0.98	1.0	0.78	3.0
0.96	1.0	0.78	3.0
0.96	1.0	0.8	3.0
0.98	1.0	0.76	3.0
0.96	1.0	0.76	3.0
0.96	1.0	0.78	3.0
1.0	0.96	0.8	2.0
1.0	0.96	0.78	2.0
1.0	0.98	0.78	2.0
1.0	0.96	0.78	2.0
1.0	0.98	0.76	2.0
1.0	0.98	0.78	2.0
1.0	0.96	0.78	2.0
1.0	0.96	0.76	2.0
1.0	0.98	0.76	2.0
1.0	0.9400000000000001	0.78	2.0
1.0	0.96	0.76	2.0
1.0	0.96	0.78	2.0
1.0	0.98	0.8	2.0
1.0	1.0	0.78	2.0
1.0	1.0	0.8	2.0
1.0	0.96	0.8	2.0
1.0	0.98	0.78	2.0
1.0	0.98	0.8	2.0
0.96	1.0	0.76	3.0
0.9400000000000001	1.0	0.78	3.0
0.96	1.0	0.78	3.0
0.96	1.0	0.76	3.0
0.9400000000000001	1.0	0.76	3.0
0.9400000000000001	1.0	0.78	3.0
0.96	1.0	0.78	3.0
0.9400000000000001	1.0	0.78	3.0
0.9400000000000001	1.0	0.8	3.0
1.0	0.96	0.8200000000000001	2.0
1.0	0.96	0.8	2.0
1.0	0.98	0.8	2.0
1.0	0.96	0.8200000000000001	2.0
1.0	0.98	0.8	2.0
1.0	0.98	0.8200000000000001	2.0
1.0	0.98	0.8200000000000001	2.0
1.0	0.98	0.8	2.0
1.0	1.0	0.8	2.0
1.0	0.98	0.8200000000000001	2.0
1.0	1.0	0.8	2.0
1.0	1.0	0.8200000000000001	2.0
1.0	1.0	0.8200000000000001	3.0
1.0	1.0	0.8	3.0
0.98	1.0	0.8200000000000001	3.0
1.0	1.0	0.8	3.0
0.98	1.0	0.8	3.0
0.98	1.0	0.8200000000000001	3.0
1.0	1.0	0.8	3.0
1.0	1.0	0.78	3.0
0.98	1.0	0.8	3.0
0.98	1.0	0.78	3.0
0.96	1.0	0.8	3.0
0.98	1.0	0.8	3.0
0.98	1.0	0.8	3.0
0.96	1.0	0.8	3.0
0.96	1.0	0.8200000000000001	3.0
0.98	1.0	0.8	3.0
0.96	1.0	0.8200000000000001	3.0
0.98	1.0	0.8200000000000001	3.0
0.96	1.0	0.8	3.0
0.9400000000000001	1.0	0.8200000000000001	3.0
0.96	1.0	0.8200000000000001	3.0
0.96	1.0	0.78	3.0
0.9400000000000001	1.0	0.8	3.0
0.96	1.0	0.8	3.0
0.9400000000000001	1.0	0.78	3.0
0.92	1.0	0.8	3.0
0.9400000000000001	1.0	0.8	3.0
0.96	1.0	0.8	3.0
0.9400000000000001	1.0	0.8	3.0
0.9400000000000001	1.0	0.8200000000000001	3.0
0.9400000000000001	1.0	0.8	3.0
0.92	1.0	0.8200000000000001	3.0
0.9400000000000001	1.0	0.8200000000000001	3.0
0.96	1.0	0.86	3.0
0.9400000000000001	1.0	0.86	3.0
0.9400000000000001	1.0	0.88	3.0
0.96	1.0	0.84	3.0
0.9400000000000001	1.0	0.86	3.0
0.96	1.0	0.86	3.0
0.96	1.0	0.84	3.0
0.9400000000000001	1.0	0.84	3.0
0.9400000000000001	1.0	0.86	3.0
0.9400000000000001	1.0	0.84	3.0
0.92	1.0	0.86	3.0
0.9400000000000001	1.0	0.86	3.0
0.98	1.0	0.84	3.0
0.96	1.0	0.84	3.0
0.96	1.0	0.86	3.0
0.96	1.0	0.8200000000000001	3.0
0.9400000000000001	1.0	0.8200000000000001	3.0
0.9400000000000001	1.0	0.84	3.0
0.96	1.0	0.8200000000000001	3.0
0.9400000000000001	1.0	0.84	3.0
0.96	1.0	0.84	3.0
0.9400000000000001	1.0	0.8200000000000001	3.0
0.92	1.0	0.84	3.0
0.9400000000000001	1.0	0.84	3.0
0.98	1.0	0.8200000000000001	3.0
0.96	1.0	0.8200000000000001	3.0
0.96	1.0	0.84	3.0
1.0	1.0	0.8200000000000001	3.0
0.98	1.0	0.8200000000000001	3.0
0.98	1.0	0.84	3.0
0.98	1.0	0.8200000000000001	3.0
0.96	1.0	0.84	3.0
0.98	1.0	0.84	3.0
1.0	0.98	0.84	2.0
1.0	0.98	0.8200000000000001	2.0
1.0	1.0	0.8200000000000001	2.0
1.0	0.96	0.84	2.0
1.0	0.98	0.8200000000000001	2.0
1.0	0.98	0.84	2.0
1.0	0.96	0.84	2.0
1.0	0.96	0.8200000000000001	2.0
1.0	0.98	0.8200000000000001	2.0
1.0	0.98	0.86	2.0
1.0	0.98	0.84	2.0
1.0	1.0	0.84	2.0
1.0	0.98	0.84	2.0
1.0	1.0	0.8200000000000001	2.0
1.0	1.0	0.84	2.0
1.0	1.0	0.84	3.0
0.98	1.0	0.84	3.0
0.98	1.0	0.86	3.0
1.0	1.0	0.84	3.0
1.0	1.0	0.8200000000000001	3.0
0.98	1.0	0.84	3.0
1.0	0.96	0.88	2.0
1.0	0.96	0.86	2.0
1.0	0.98	0.86	2.0
1.0	0.96	0.86	2.0
1.0	0.98	0.84	2.0
1.0	0.98	0.86	2.0
0.98	1.0	0.86	3.0
0.96	1.0	0.86	3.0
0.96	1.0	0.88	3.0
0.98	1.0	0.84	3.0
0.96	1.0	0.86	3.0
0.98	1.0	0.86	3.0
1.0	1.0	0.86	3.0
1.0	1.0	0.84	3.0
0.98	1.0	0.86	3.0
1.0	0.98	0.86	0.0
1.0	1.0	0.84	0.0
1.0	1.0	0.86	0.0
1.0	1.0	0.86	3.0
0.98	1.0	0.86	3.0
0.98	1.0	0.88	3.0
1.0	0.98	0.88	2.0
1.0	0.98	0.86	2.0
1.0	1.0	0.86	2.0
0.88	1.0	0.72	3.0
0.86	1.0	0.72	3.0
0.86	1.0	0.74	3.0
0.88	1.0	0.72	3.0
0.86	1.0	0.74	3.0
0.88	1.0	0.74	3.0
0.86	1.0	0.72	3.0
0.84	1.0	0.74	3.0
0.86	1.0	0.74	3.0
0.88	1.0	0.74	3.0
0.86	1.0	0.76	3.0
0.88	1.0	0.76	3.0
0.88	1.0	0.74	3.0
0.86	1.0	0.74	3.0
0.86	1.0	0.76	3.0
0.86	1.0	0.74	3.0
0.84	1.0	0.76	3.0
0.86	1.0	0.76	3.0
0.86	1.0	0.72	3.0
0.84	1.0	0.72	3.0
0.84	1.0	0.74	3.0
0.9400000000000001	1.0	0.72	3.0
0.92	1.0	0.72	3.0
0.92	1.0	0.74	3.0
0.9400000000000001	1.0	0.72	3.0
0.92	1.0	0.74	3.0
0.9400000000000001	1.0	0.74	3.0
0.9400000000000001	1.0	0.74	3.0
0.92	1.0	0.76	3.0
0.9400000000000001	1.0	0.76	3.0
0.9400000000000001	1.0	0.74	3.0
0.92	1.0	0.74	3.0
0.92	1.0	0.76	3.0
0.92	1.0	0.74	3.0
0.9	1.0	0.76	3.0
0.92	1.0	0.76	3.0
0.92	1.0	0.74	3.0
0.9	1.0	0.74	3.0
0.9	1.0	0.76	3.0
0.92	1.0	0.72	3.0
0.9	1.0	0.74	3.0
0.92	1.0	0.74	3.0
0.92	1.0	0.72	3.0
0.9	1.0	0.72	3.0
0.9	1.0	0.74	3.0
0.9	1.0	0.72	3.0
0.88	1.0	0.74	3.0
0.9	1.0	0.74	3.0
0.9	1.0	0.74	3.0
0.88	1.0	0.76	3.0
0.9	1.0	0.76	3.0
0.9	1.0	0.74	3.0
0.88	1.0	0.74	3.0
0.88	1.0	0.76	3.0
0.9	1.0	0.72	3.0
0.88	1.0	0.72	3.0
0.88	1.0	0.74	3.0
0.9400000000000001	1.0	0.76	3.0
0.92	1.0	0.78	3.0
0.9400000000000001	1.0	0.78	3.0
0.9400000000000001	1.0	0.76	3.0
0.92	1.0	0.76	3.0
0.92	1.0	0.78	3.0
0.92	1.0	0.76	3.0
0.9	1.0	0.76	3.0
0.9	1.0	0.78	3.0
0.92	1.0	0.78	3.0
0.9	1.0	0.78	3.0
0.9	1.0	0.8	3.0
0.92	1.0	0.76	3.0
0.9	1.0	0.78	3.0
0.92	1.0	0.78	3.0
0.9400000000000001	1.0	0.78	3.0
0.92	1.0	0.78	3.0
0.92	1.0	0.8	3.0
0.9400000000000001	1.0	0.8	3.0
0.92	1.0	0.8	3.0
0.92	1.0	0.8200000000000001	3.0
0.92	1.0	0.8	3.0
0.9	1.0	0.8200000000000001	3.0
0.92	1.0	0.8200000000000001	3.0
0.92	1.0	0.8	3.0
0.9	1.0	0.8	3.0
0.9	1.0	0.8200000000000001	3.0
0.92	1.0	0.78	3.0
0.9	1.0	0.8	3.0
0.92	1.0	0.8	3.0
0.9	1.0	0.78	3.0
0.88	1.0	0.8	3.0
0.9	1.0	0.8	3.0
0.9	1.0	0.8	3.0
0.88	1.0	0.8200000000000001	3.0
0.9	1.0	0.8200000000000001	3.0
0.9	1.0	0.8	3.0
0.88	1.0	0.8	3.0
0.88	1.0	0.8200000000000001	3.0
0.88	1.0	0.8	3.0
0.86	1.0	0.8200000000000001	3.0
0.88	1.0	0.8200000000000001	3.0
0.9	1.0	0.78	3.0
0.88	1.0	0.78	3.0
0.88	1.0	0.8	3.0
0.88	1.0	0.78	3.0
0.86	1.0	0.8	3.0
0.88	1.0	0.8	3.0
0.9	1.0	0.76	3.0
0.88	1.0	0.78	3.0
0.9	1.0	0.78	3.0
0.9	1.0	0.76	3.0
0.88	1.0	0.76	3.0
0.88	1.0	0.78	3.0
0.88	1.0	0.76	3.0
0.86	1.0	0.78	3.0
0.88	1.0	0.78	3.0
0.92	1.0	0.84	3.0
0.9	1.0	0.84	3.0
0.9	1.0	0.86	3.0
0.9	1.0	0.84	3.0
0.88	1.0	0.86	3.0
0.9	1.0	0.86	3.0
0.9	1.0	0.84	3.0
0.88	1.0	0.84	3.0
0.88	1.0	0.86	3.0
0.9	1.0	0.8200000000000001	3.0
0.88	1.0	0.8200000000000001	3.0
0.88	1.0	0.84	3.0
0.9	1.0	0.8200000000000001	3.0
0.88	1.0	0.84	3.0
0.9	1.0	0.84	3.0
0.92	1.0	0.8200000000000001	3.0
0.9	1.0	0.8200000000000001	3.0
0.9	1.0	0.84	3.0
0.92	1.0	0.8200000000000001	3.0
0.9	1.0	0.84	3.0
0.92	1.0	0.84	3.0
0.9400000000000001	1.0	0.8200000000000001	3.0
0.92	1.0	0.8200000000000001	3.0
0.92	1.0	0.84	3.0
0.9400000000000001	1.0	0.84	3.0
0.92	1.0	0.84	3.0
0.92	1.0	0.86	3.0
0.92	1.0	0.84	3.0
0.9	1.0	0.86	3.0
0.92	1.0	0.86	3.0
0.92	1.0	0.86	3.0
0.9	1.0	0.86	3.0
0.9	1.0	0.88	3.0
0.9400000000000001	1.0	0.86	3.0
0.92	1.0	0.86	3.0
0.92	1.0	0.88	3.0
0.88	1.0	0.78	3.0
0.86	1.0	0.78	3.0
0.86	1.0	0.8	3.0
0.88	1.0	0.76	3.0
0.86	1.0	0.76	3.0
0.86	1.0	0.78	3.0
0.9400000000000001	0.9400000000000001	1.0	1.0
0.9400000000000001	0.92	1.0	1.0
0.96	0.92	1.0	1.0
0.9400000000000001	0.9400000000000001	1.0	1.0
0.92	0.9400000000000001	1.0	1.0
0.9400000000000001	0.92	1.0	1.0
0.98	0.98	1.0	1.0
0.96	0.98	1.0	1.0
0.98	0.96	1.0	1.0
0.96	0.98	1.0	1.0
0.96	0.96	1.0	1.0
0.98	0.96	1.0	1.0
0.96	1.0	1.0	1.0
0.96	0.98	1.0	1.0
0.98	0.98	1.0	1.0
0.98	1.0	1.0	1.0
0.98	0.98	1.0	1.0
1.0	0.98	1.0	1.0
0.98	1.0	1.0	1.0
0.96	1.0	1.0	1.0
0.98	0.98	1.0	1.0
0.98	1.0	1.0	0.0
0.98	1.0	0.98	0.0
0.96	1.0	1.0	0.0
0.98	1.0	0.98	3.0
0.96	1.0	0.98	3.0
0.96	1.0	1.0	3.0
1.0	1.0	0.98	3.0
0.98	1.0	0.98	3.0
0.98	1.0	1.0	3.0
1.0	1.0	0.96	3.0
0.98	1.0	0.96	3.0
0.98	1.0	0.98	3.0
0.98	1.0	0.96	3.0
0.96	1.0	0.98	3.0
0.98	1.0	0.98	3.0
0.98	1.0	0.96	3.0
0.96	1.0	0.96	3.0
0.96	1.0	0.98	3.0
0.98	1.0	0.9400000000000001	3.0
0.96	1.0	0.96	3.0
0.98	1.0	0.96	3.0
1.0	1.0	0.9400000000000001	3.0
0.98	1.0	0.9400000000000001	3.0
0.98	1.0	0.96	3.0
0.98	1.0	0.9400000000000001	3.0
0.96	1.0	0.9400000000000001	3.0
0.96	1.0	0.96	3.0
0.98	1.0	0.92	3.0
0.96	1.0	0.9400000000000001	3.0
0.98	1.0	0.9400000000000001	3.0
0.96	1.0	0.9400000000000001	3.0
0.9400000000000001	1.0	0.96	3.0
0.96	1.0	0.96	3.0
0.96	1.0	0.9400000000000001	3.0
0.9400000000000001	1.0	0.9400000000000001	3.0
0.9400000000000001	1.0	0.96	3.0
0.96	1.0	0.92	3.0
0.9400000000000001	1.0	0.9400000000000001	3.0
0.96	1.0	0.9400000000000001	3.0
0.9400000000000001	1.0	0.9400000000000001	3.0
0.92	1.0	0.96	3.0
0.9400000000000001	1.0	0.96	3.0
0.96	1.0	0.96	3.0
0.9400000000000001	1.0	0.96	3.0
0.9400000000000001	1.0	0.98	3.0
0.96	1.0	0.96	3.0
0.9400000000000001	1.0	0.98	3.0
0.96	1.0	0.98	3.0
0.9400000000000001	1.0	0.96	3.0
0.92	1.0	0.98	3.0
0.9400000000000001	1.0	0.98	3.0
0.96	1.0	0.98	3.0
0.9400000000000001	1.0	0.98	3.0
0.9400000000000001	1.0	1.0	3.0
0.96	1.0	1.0	3.0
0.96	1.0	0.98	3.0
0.9400000000000001	1.0	1.0	3.0
0.9400000000000001	1.0	1.0	3.0
0.9400000000000001	1.0	0.98	3.0
0.92	1.0	1.0	3.0
0.96	1.0	1.0	1.0
0.9400000000000001	1.0	1.0	1.0
0.96	0.98	1.0	1.0
0.9400000000000001	1.0	1.0	1.0
0.9400000000000001	0.98	1.0	1.0
0.96	0.98	1.0	1.0
0.9400000000000001	1.0	1.0	1.0
0.92	1.0	1.0	1.0
0.9400000000000001	0.98	1.0	1.0
0.96	0.98	1.0	1.0
0.9400000000000001	0.98	1.0	1.0
0.96	0.96	1.0	1.0
0.9400000000000001	0.98	1.0	1.0
0.9400000000000001	0.96	1.0	1.0
0.96	0.96	1.0	1.0
0.9400000000000001	0.98	1.0	1.0
0.92	0.98	1.0	1.0
0.9400000000000001	0.96	1.0	1.0
0.96	0.96	1.0	1.0
0.9400000000000001	0.96	1.0	1.0
0.96	0.9400000000000001	1.0	1.0
0.9400000000000001	0.96	1.0	1.0
0.9400000000000001	0.9400000000000001	1.0	1.0
0.96	0.9400000000000001	1.0	1.0
0.9400000000000001	0.96	1.0	1.0
0.92	0.96	1.0	1.0
0.9400000000000001	0.9400000000000001	1.0	1.0
0.96	0.9400000000000001	1.0	1.0
0.9400000000000001	0.9400000000000001	1.0	1.0
0.96	0.92	1.0	1.0
0.92	0.96	1.0	1.0
0.92	0.9400000000000001	1.0	1.0
0.9400000000000001	0.9400000000000001	1.0	1.0
0.9	0.96	1.0	1.0
0.9	0.9400000000000001	1.0	1.0
0.92	0.9400000000000001	1.0	1.0
0.92	0.9400000000000001	1.0	1.0
0.9	0.9400000000000001	1.0	1.0
0.92	0.92	1.0	1.0
0.92	0.96	1.0	1.0
0.9	0.96	1.0	1.0
0.92	0.9400000000000001	1.0	1.0
0.92	0.98	1.0	1.0
0.92	0.96	1.0	1.0
0.9400000000000001	0.96	1.0	1.0
0.92	1.0	1.0	1.0
0.92	0.98	1.0	1.0
0.9400000000000001	0.98	1.0	1.0
0.92	0.98	1.0	1.0
0.9	0.98	1.0	1.0
0.92	0.96	1.0	1.0
0.9400000000000001	1.0	0.98	3.0
0.92	1.0	0.98	3.0
0.92	1.0	1.0	3.0
0.9400000000000001	1.0	0.96	3.0
0.92	1.0	0.96	3.0
0.92	1.0	0.98	3.0
0.92	1.0	0.96	3.0
0.9	1.0	0.98	3.0
0.92	1.0	0.98	3.0
0.9400000000000001	1.0	0.9400000000000001	3.0
0.92	1.0	0.9400000000000001	3.0
0.92	1.0	0.96	3.0
0.9400000000000001	1.0	0.92	3.0
0.92	1.0	0.9400000000000001	3.0
0.9400000000000001	1.0	0.9400000000000001	3.0
0.92	1.0	0.9400000000000001	3.0
0.9	1.0	0.96	3.0
0.92	1.0	0.96	3.0
0.92	1.0	0.9400000000000001	3.0
0.9	1.0	0.9400000000000001	3.0
0.9	1.0	0.96	3.0
0.92	1.0	0.92	3.0
0.9	1.0	0.9400000000000001	3.0
0.92	1.0	0.9400000000000001	3.0
0.9	0.9400000000000001	1.0	1.0
0.9	0.92	1.0	1.0
0.92	0.92	1.0	1.0
0.92	0.9400000000000001	1.0	1.0
0.92	0.92	1.0	1.0
0.9400000000000001	0.92	1.0	1.0
1.0	0.92	0.96	2.0
1.0	0.9400000000000001	0.9400000000000001	2.0
1.0	0.9400000000000001	0.96	2.0
1.0	0.92	0.96	2.0
1.0	0.92	0.9400000000000001	2.0
1.0	0.9400000000000001	0.9400000000000001	2.0
1.0	0.9	0.96	2.0
1.0	0.92	0.9400000000000001	2.0
1.0	0.92	0.96	2.0
1.0	0.9	0.96	2.0
1.0	0.9	0.9400000000000001	2.0
1.0	0.92	0.9400000000000001	2.0
1.0	0.9	0.98	2.0
1.0	0.9	0.96	2.0
1.0	0.92	0.96	2.0
1.0	0.92	0.98	2.0
1.0	0.92	0.96	2.0
1.0	0.9400000000000001	0.96	2.0
1.0	0.88	0.96	2.0
1.0	0.9	0.9400000000000001	2.0
1.0	0.9	0.96	2.0
0.96	0.9400000000000001	1.0	1.0
0.96	0.92	1.0	1.0
0.98	0.92	1.0	1.0
0.98	0.9400000000000001	1.0	1.0
0.96	0.9400000000000001	1.0	1.0
0.98	0.92	1.0	1.0
0.98	0.9400000000000001	1.0	1.0
0.98	0.92	1.0	1.0
1.0	0.92	1.0	1.0
1.0	0.92	1.0	2.0
1.0	0.92	0.98	2.0
1.0	0.9400000000000001	0.98	2.0
1.0	0.92	0.98	2.0
1.0	0.9400000000000001	0.96	2.0
1.0	0.9400000000000001	0.98	2.0
1.0	0.9	0.98	2.0
1.0	0.92	0.96	2.0
1.0	0.92	0.98	2.0
1.0	0.9	1.0	2.0
1.0	0.92	0.98	2.0
1.0	0.92	1.0	2.0
1.0	0.9400000000000001	1.0	1.0
0.98	0.9400000000000001	1.0	1.0
1.0	0.92	1.0	1.0
1.0	0.92	1.0	2.0
1.0	0.9400000000000001	0.98	2.0
1.0	0.9400000000000001	1.0	2.0
0.98	0.96	1.0	1.0
0.98	0.9400000000000001	1.0	1.0
1.0	0.9400000000000001	1.0	1.0
1.0	0.96	1.0	1.0
0.98	0.96	1.0	1.0
1.0	0.9400000000000001	1.0	1.0
1.0	0.9400000000000001	1.0	0.0
1.0	0.96	0.98	0.0
1.0	0.96	1.0	0.0
1.0	0.9400000000000001	1.0	2.0
1.0	0.9400000000000001	0.98	2.0
1.0	0.96	0.98	2.0
1.0	0.9400000000000001	0.98	2.0
1.0	0.96	0.96	2.0
1.0	0.96	0.98	2.0
1.0	0.9400000000000001	0.98	2.0
1.0	0.9400000000000001	0.96	2.0
1.0	0.96	0.96	2.0
0.96	0.96	1.0	1.0
0.96	0.9400000000000001	1.0	1.0
0.98	0.9400000000000001	1.0	1.0
0.98	0.96	1.0	1.0
0.96	0.96	1.0	1.0
0.98	0.9400000000000001	1.0	1.0
1.0	0.96	0.98	2.0
1.0	0.96	0.96	2.0
1.0	0.98	0.96	2.0
1.0	0.96	1.0	2.0
1.0	0.96	0.98	2.0
1.0	0.98	0.98	2.0
0.98	0.98	1.0	1.0
0.98	0.96	1.0	1.0
1.0	0.96	1.0	1.0
1.0	0.98	1.0	0.0
0.98	0.98	1.0	0.0
1.0	0.96	1.0	0.0
1.0	0.96	1.0	0.0
1.0	0.98	0.98	0.0
1.0	0.98	1.0	0.0
1.0	0.98	1.0	2.0
1.0	0.98	0.98	2.0
1.0	1.0	0.98	2.0
1.0	1.0	1.0	0.0
1.0	1.0	0.98	0.0
0.98	1.0	1.0	0.0
1.0	1.0	1.0	0.0
0.98	1.0	1.0	0.0
1.0	0.98	1.0	0.0
1.0	0.98	1.0	0.0
1.0	1.0	0.98	0.0
1.0	1.0	1.0	0.0
1.0	1.0	0.98	3.0
1.0	1.0	0.96	3.0
0.98	1.0	0.98	3.0
1.0	0.98	0.98	2.0
1.0	1.0	0.96	2.0
1.0	1.0	0.98	2.0
1.0	0.98	0.98	2.0
1.0	0.98	0.96	2.0
1.0	1.0	0.96	2.0
1.0	0.96	0.98	2.0
1.0	0.98	0.96	2.0
1.0	0.98	0.98	2.0
1.0	0.96	0.96	2.0
1.0	0.98	0.9400000000000001	2.0
1.0	0.98	0.96	2.0
1.0	0.98	0.96	2.0
1.0	1.0	0.9400000000000001	2.0
1.0	1.0	0.96	2.0
1.0	1.0	0.96	3.0
1.0	1.0	0.9400000000000001	3.0
0.98	1.0	0.96	3.0
1.0	0.98	0.96	2.0
1.0	0.98	0.9400000000000001	2.0
1.0	1.0	0.9400000000000001	2.0
1.0	0.96	0.96	2.0
1.0	0.96	0.9400000000000001	2.0
1.0	0.98	0.9400000000000001	2.0
1.0	0.9400000000000001	0.96	2.0
1.0	0.96	0.9400000000000001	2.0
1.0	0.96	0.96	2.0
1.0	0.9400000000000001	0.96	2.0
1.0	0.9400000000000001	0.9400000000000001	2.0
1.0	0.96	0.9400000000000001	2.0
1.0	0.92	0.88	2.0
1.0	0.9400000000000001	0.86	2.0
1.0	0.9400000000000001	0.88	2.0
1.0	0.9400000000000001	0.88	2.0
1.0	0.96	0.86	2.0
1.0	0.96	0.88	2.0
1.0	0.96	0.88	2.0
1.0	0.98	0.86	2.0
1.0	0.98	0.88	2.0
1.0	0.96	0.9	2.0
1.0	0.96	0.88	2.0
1.0	0.98	0.88	2.0
1.0	0.96	0.9	2.0
1.0	0.98	0.88	2.0
1.0	0.98	0.9	2.0
1.0	0.96	0.92	2.0
1.0	0.96	0.9	2.0
1.0	0.98	0.9	2.0
1.0	0.96	0.92	2.0
1.0	0.98	0.9	2.0
1.0	0.98	0.92	2.0
1.0	0.96	0.9400000000000001	2.0
1.0	0.96	0.92	2.0
1.0	0.98	0.92	2.0
1.0	0.96	0.9400000000000001	2.0
1.0	0.98	0.92	2.0
1.0	0.98	0.9400000000000001	2.0
1.0	0.9400000000000001	0.9400000000000001	2.0
1.0	0.9400000000000001	0.92	2.0
1.0	0.96	0.92	2.0
1.0	0.92	0.9400000000000001	2.0
1.0	0.9400000000000001	0.92	2.0
1.0	0.9400000000000001	0.9400000000000001	2.0
1.0	0.9400000000000001	0.9400000000000001	2.0
1.0	0.96	0.92	2.0
1.0	0.96	0.9400000000000001	2.0
1.0	0.9400000000000001	0.92	2.0
1.0	0.96	0.9	2.0
1.0	0.96	0.92	2.0
1.0	0.9400000000000001	0.92	2.0
1.0	0.9400000000000001	0.9	2.0
1.0	0.96	0.9	2.0
1.0	0.92	0.92	2.0
1.0	0.9400000000000001	0.9	2.0
1.0	0.9400000000000001	0.92	2.0
1.0	0.9400000000000001	0.9	2.0
1.0	0.96	0.88	2.0
1.0	0.96	0.9	2.0
1.0	0.9400000000000001	0.9	2.0
1.0	0.9400000000000001	0.88	2.0
1.0	0.96	0.88	2.0
1.0	0.92	0.9	2.0
1.0	0.9400000000000001	0.88	2.0
1.0	0.9400000000000001	0.9	2.0
1.0	0.92	0.9	2.0
1.0	0.92	0.88	2.0
1.0	0.9400000000000001	0.88	2.0
1.0	0.9	0.9	2.0
1.0	0.9	0.88	2.0
1.0	0.92	0.88	2.0
1.0	0.9	0.9	2.0
1.0	0.92	0.88	2.0
1.0	0.92	0.9	2.0
1.0	0.9	0.92	2.0
1.0	0.9	0.9	2.0
1.0	0.92	0.9	2.0
1.0	0.92	0.92	2.0
1.0	0.92	0.9	2.0
1.0	0.9400000000000001	0.9	2.0
1.0	0.88	0.9	2.0
1.0	0.88	0.88	2.0
1.0	0.9	0.88	2.0
1.0	0.86	0.9	2.0
1.0	0.88	0.88	2.0
1.0	0.88	0.9	2.0
1.0	0.88	0.9	2.0
1.0	0.9	0.88	2.0
1.0	0.9	0.9	2.0
1.0	0.88	0.92	2.0
1.0	0.88	0.9	2.0
1.0	0.9	0.9	2.0
1.0	0.86	0.92	2.0
1.0	0.88	0.9	2.0
1.0	0.88	0.92	2.0
1.0	0.88	0.92	2.0
1.0	0.9	0.9	2.0
1.0	0.9	0.92	2.0
1.0	0.88	0.9400000000000001	2.0
1.0	0.88	0.92	2.0
1.0	0.9	0.92	2.0
1.0	0.9	0.9400000000000001	2.0
1.0	0.9	0.92	2.0
1.0	0.92	0.92	2.0
1.0	0.88	0.9400000000000001	2.0
1.0	0.9	0.92	2.0
1.0	0.9	0.9400000000000001	2.0
1.0	0.92	0.9400000000000001	2.0
1.0	0.92	0.92	2.0
1.0	0.9400000000000001	0.92	2.0
1.0	0.9	0.92	2.0
1.0	0.92	0.9	2.0
1.0	0.92	0.92	2.0
1.0	0.9	0.9400000000000001	2.0
1.0	0.92	0.92	2.0
1.0	0.92	0.9400000000000001	2.0
1.0	0.88	0.96	2.0
1.0	0.88	0.9400000000000001	2.0
1.0	0.9	0.9400000000000001	2.0
1.0	0.86	0.92	2.0
1.0	0.86	0.9	2.0
1.0	0.88	0.9	2.0
1.0	0.86	0.9	2.0
1.0	0.86	0.88	2.0
1.0	0.88	0.88	2.0
1.0	0.84	0.9	2.0
1.0	0.86	0.88	2.0
1.0	0.86	0.9	2.0
0.9	1.0	0.86	3.0
0.88	1.0	0.88	3.0
0.9	1.0	0.88	3.0
0.92	1.0	0.86	3.0
0.9	1.0	0.88	3.0
0.92	1.0	0.88	3.0
0.9400000000000001	1.0	0.86	3.0
0.92	1.0	0.88	3.0
0.9400000000000001	1.0	0.88	3.0
0.96	1.0	0.86	3.0
0.9400000000000001	1.0	0.88	3.0
0.96	1.0	0.88	3.0
0.98	1.0	0.86	3.0
0.96	1.0	0.88	3.0
0.98	1.0	0.88	3.0
1.0	0.98	0.88	2.0
1.0	1.0	0.86	2.0
1.0	1.0	0.88	2.0
1.0	1.0	0.88	3.0
1.0	1.0	0.86	3.0
0.98	1.0	0.88	3.0
1.0	0.98	0.9	2.0
1.0	0.98	0.88	2.0
1.0	1.0	0.88	2.0
1.0	0.98	0.9	2.0
1.0	1.0	0.88	2.0
1.0	1.0	0.9	2.0
1.0	1.0	0.9	0.0
1.0	1.0	0.88	0.0
0.98	1.0	0.9	0.0
1.0	1.0	0.88	3.0
0.98	1.0	0.88	3.0
0.98	1.0	0.9	3.0
0.98	1.0	0.88	3.0
0.96	1.0	0.9	3.0
0.98	1.0	0.9	3.0
0.98	1.0	0.88	3.0
0.96	1.0	0.88	3.0
0.96	1.0	0.9	3.0
0.98	1.0	0.9	3.0
0.96	1.0	0.9	3.0
0.96	1.0	0.92	3.0
1.0	1.0	0.9	3.0
0.98	1.0	0.9	3.0
0.98	1.0	0.92	3.0
1.0	0.98	0.92	2.0
1.0	0.98	0.9	2.0
1.0	1.0	0.9	2.0
1.0	1.0	0.92	0.0
1.0	1.0	0.9	0.0
0.98	1.0	0.92	0.0
1.0	0.98	0.92	0.0
1.0	1.0	0.9	0.0
1.0	1.0	0.92	0.0
1.0	1.0	0.92	3.0
0.98	1.0	0.92	3.0
0.98	1.0	0.9400000000000001	3.0
1.0	0.98	0.9400000000000001	2.0
1.0	0.98	0.92	2.0
1.0	1.0	0.92	2.0
1.0	0.98	0.9400000000000001	2.0
1.0	1.0	0.92	2.0
1.0	1.0	0.9400000000000001	2.0
1.0	1.0	0.9400000000000001	0.0
1.0	1.0	0.92	0.0
0.98	1.0	0.9400000000000001	0.0
0.98	1.0	0.92	3.0
0.96	1.0	0.92	3.0
0.96	1.0	0.9400000000000001	3.0
0.98	1.0	0.9	3.0
0.96	1.0	0.92	3.0
0.98	1.0	0.92	3.0
0.96	1.0	0.9	3.0
0.9400000000000001	1.0	0.92	3.0
0.96	1.0	0.92	3.0
0.96	1.0	0.92	3.0
0.9400000000000001	1.0	0.92	3.0
0.9400000000000001	1.0	0.9400000000000001	3.0
0.96	1.0	0.9	3.0
0.9400000000000001	1.0	0.9	3.0
0.9400000000000001	1.0	0.92	3.0
0.9400000000000001	1.0	0.9	3.0
0.92	1.0	0.92	3.0
0.9400000000000001	1.0	0.92	3.0
0.96	1.0	0.88	3.0
0.9400000000000001	1.0	0.9	3.0
0.96	1.0	0.9	3.0
0.96	1.0	0.88	3.0
0.9400000000000001	1.0	0.88	3.0
0.9400000000000001	1.0	0.9	3.0
0.9400000000000001	1.0	0.88	3.0
0.92	1.0	0.9	3.0
0.9400000000000001	1.0	0.9	3.0
0.92	1.0	0.9	3.0
0.9	1.0	0.9	3.0
0.9	1.0	0.92	3.0
0.92	1.0	0.88	3.0
0.9	1.0	0.9	3.0
0.92	1.0	0.9	3.0
0.92	1.0	0.88	3.0
0.9	1.0	0.88	3.0
0.9	1.0	0.9	3.0
0.9400000000000001	1.0	0.88	3.0
0.92	1.0	0.88	3.0
0.92	1.0	0.9	3.0
0.9400000000000001	1.0	0.9	3.0
0.92	1.0	0.9	3.0
0.92	1.0	0.92	3.0
0.9400000000000001	1.0	0.92	3.0
0.92	1.0	0.92	3.0
0.92	1.0	0.9400000000000001	3.0
0.92	1.0	0.9	3.0
0.9	1.0	0.92	3.0
0.92	1.0	0.92	3.0
